Data/Hora,MachineID,FieldID,LatUTM(m),LongUTM(m),Lat(ยบ),Long(ยบ),Speed (m/s),PDOP,GPS Status,PopSeed(Plant/ha),FertRt(kg/ha),FertWgt(kg),Instantanea OpCap(ha/h),Time Operation,Area(ha),Row Spacing(m),Holes, seed_germ (%), SeedByM, FertByM, Seed Mode, Fert Mode
2018-10-30T15:43:26,K01,F010,0,0,0.0,0,0,0,0,0,0.956,0.0,0.00532,0.0,0.75,28,95,0.0,0.0,OFF,OFF
2018-10-30T15:43:31,K01,F010,0,0,0.0,0,0,0,0,0,0.955,0.0,0.00672,0.0,0.75,28,95,0.0,0.0,OFF,OFF
2018-10-30T15:43:36,K01,F010,0,0,0.0,0,0,0,0,0,0.956,0.0,0.00812,0.0,0.75,28,95,0.0,0.0,OFF,OFF
2018-10-30T15:44:17,K01,F010,0,0,0.0,0,0,0,0,0,0.956,0.0,0.00112,0.0,0.75,28,95,0.0,0.0,OFF,OFF
2018-10-30T15:44:22,K01,F010,0,0,0.0,0,0,0,0,0,0.957,0.0,0.00252,0.0,0.75,28,95,0.0,0.0,OFF,OFF
2018-10-30T15:44:27,K01,F010,0,0,0.0,0,0,0,0,0,0.955,0.0,0.00392,0.0,0.75,28,95,0.0,0.0,OFF,OFF
2018-10-30T15:44:32,K01,F010,0,0,0.0,0,0,0,0,0,0.955,0.0,0.00532,0.0,0.75,28,95,0.0,0.0,OFF,OFF
2018-10-30T15:44:37,K01,F010,0,0,0.0,0,0,0,0,0,0.955,0.3571428571428572,0.00672,0.0003,0.75,28,95,0.0,0.0,OFF,OFF
2018-10-30T15:45:49,K01,F010,0,0,0.0,0,0,0,0,0,0.957,0.0,0.00112,0.0,0.75,28,95,0.0,0.0,OFF,OFF
2018-10-30T15:45:54,K01,F010,0,0,0.0,0,0,0,0,0,0.958,0.0,0.00252,0.0,0.75,28,95,0.0,0.0,OFF,OFF
2018-10-30T15:45:59,K01,F010,0,0,0.0,0,0,0,0,0,0.958,0.0,0.00392,0.0,0.75,28,95,0.0,0.0,OFF,OFF
2018-10-30T15:46:04,K01,F010,0,0,0.0,0,0,0,0,0,0.958,0.0,0.00532,0.0,0.75,28,95,0.0,0.0,OFF,OFF
2018-10-30T15:46:09,K01,F010,0,0,0.0,0,0,0,0,0,0.958,0.0,0.00672,0.0,0.75,28,95,0.0,0.0,OFF,OFF
2018-10-30T15:46:14,K01,F010,0,0,0.0,0,0,0,0,0,0.957,0.0,0.00812,0.0,0.75,28,95,0.0,0.0,OFF,OFF
2018-10-30T15:52:34,K01,F010,0,0,0.0,0,0,0,0,0,0.958,0.0,0.0,0.00112,0.0,0.75,28,95,0.0,0.0,OFF,OFF
2018-10-30T15:52:39,K01,F010,0,0,0.0,0,0,0,0,0,0.957,0.119,0.357,0.00252,0.0003,0.75,28,95,0.0,0.0,OFF,OFF
2018-10-30T15:52:44,K01,F010,0,0,0.0,0,0,0,0,0,0.958,0.204,0.357,0.00392,0.0008,0.75,28,95,0.0,0.0,OFF,OFF
2018-10-30T15:52:49,K01,F010,0,0,0.0,0,0,0,0,0,0.959,0.244,0.357,0.00532,0.0013,0.75,28,95,0.0,0.0,OFF,OFF
2018-10-30T15:52:54,K01,F010,0,0,0.0,0,0,0,0,0,0.959,0.268,0.357,0.00672,0.0018,0.75,28,95,0.0,0.0,OFF,OFF
2018-10-30T15:52:59,K01,F010,0,0,0.0,0,0,0,0,0,0.958,0.283,0.357,0.00812,0.0023,0.75,28,95,0.0,0.0,OFF,OFF
2018-10-30T15:53:04,K01,F010,0,0,0.0,0,0,0,0,0,0.959,0.294,0.357,0.00952,0.0028,0.75,28,95,0.0,0.0,OFF,OFF
2018-10-30T15:53:09,K01,F010,0,0,0.0,0,0,0,0,0,0.959,0.302,0.357,0.01092,0.0033,0.75,28,95,0.0,0.0,OFF,OFF
2018-10-30T15:53:14,K01,F010,0,0,0.0,0,0,0,0,0,0.957,0.308,0.357,0.01232,0.0038,0.75,28,95,0.0,0.0,OFF,OFF
2018-10-30T15:55:25,K01,F010,0,0,0.0,0,0,0,0,0,0.958,0.0,0.0,0.00112,0.0,0.75,28,95,0.0,0.0,OFF,OFF
2018-10-30T15:56:06,K01,F010,0,0,0.0,0,0,0,0,0,0.957,0.0,0.0,0.0028,0.0,0.75,28,95,0.0,0.0,OFF,OFF
2018-10-30T15:56:11,K01,F010,0,0,0.0,0,0,0,0,0,0.958,0.0,0.0,0.0042,0.0,0.75,28,95,0.0,0.0,OFF,OFF
2018-10-30T15:56:16,K01,F010,0,0,0.0,0,0,0,0,0,0.956,0.036,0.357,0.0056,0.0002,0.75,28,95,0.0,0.0,OFF,OFF
2018-10-30T15:56:21,K01,F010,0,0,0.0,0,0,0,0,0,0.957,0.1,0.357,0.007,0.0007,0.75,28,95,0.0,0.0,OFF,OFF
2018-10-30T15:56:26,K01,F010,0,0,0.0,0,0,0,0,0,0.957,0.143,0.357,0.0084,0.0012,0.75,28,95,0.0,0.0,OFF,OFF
2018-10-30T15:57:03,K01,F010,0,0,0.0,0,0,0,0,0,0.956,0.147,0.0,0.01092,0.0016,0.75,28,95,0.0,0.0,OFF,OFF
2018-10-30T15:57:08,K01,F010,0,0,0.0,0,0,0,0,0,0.957,0.146,0.357,0.01232,0.0018,0.75,28,95,0.0,0.0,OFF,OFF
2018-10-30T15:57:13,K01,F010,0,0,0.0,0,0,0,0,0,0.957,0.168,0.357,0.01372,0.0023,0.75,28,95,0.0,0.0,OFF,OFF
2018-10-30T15:57:18,K01,F010,0,0,0.0,0,0,0,0,0,0.956,0.185,0.357,0.01512,0.0028,0.75,28,95,0.0,0.0,OFF,OFF
2018-10-30T15:57:23,dd ,F010,0,0,0.0,0,0,0,0,0,0.956,0.2,0.357,0.01652,0.0033,0.75,28,95,0.0,0.0,OFF,OFF
2018-10-30T15:57:28,dd ,F010,0,0,0.0,0,0,0,0,0,0.956,0.212,0.357,0.01792,0.0038,0.75,28,95,0.0,0.0,OFF,OFF
2018-10-30T15:57:33,dd ,F010,0,0,0.0,0,0,0,0,0,0.956,0.223,0.357,0.01932,0.0043,0.75,28,95,0.0,0.0,OFF,OFF
2018-10-30T15:57:38,dd ,F010,0,0,0.0,0,0,0,0,0,0.956,0.232,0.357,0.02072,0.0048,0.75,28,95,0.0,0.0,OFF,OFF
