Data/Hora,MachineID,FieldID,LatUTM(m),LongUTM(m),Lat(ยบ),Long(ยบ),Speed (m/s),PDOP,GPS Status,PopSeed(Plant/ha),FertRt(kg/ha),FertWgt(kg),Instantanea OpCap(ha/h),Time Operation,Area(ha),Row Spacing(m),Holes, seed_germ (%), SeedByM, FertByM, Seed Mode, Fert Mode
2018-10-30T15:10:44,.0,0,0,0,0.0,0,0.958,0.0,0.04172,0.0,0.75,28,95,0.0,0.0,FIX,OFF
2018-10-30T15:10:49,0,0,0,0.0,0,0,0,0.0,0,0.957,0.0,0.04312,0.0,0.75,28,95,0.0,0.0,FIX,OFF
2018-10-30T15:10:54,0,0,0,0.0,0,0,0,0.0,0,0.958,0.0,0.04452,0.0,0.75,28,95,0.0,0.0,FIX,OFF
2018-10-30T15:10:59,0,0,0,0.0,0,0,0,0.0,0,0.958,0.0,0.04592,0.0,0.75,28,95,0.0,0.0,FIX,OFF
2018-10-30T15:14:52,K01,F010,0,0,0.0,0,0,0,0.0,0,0.96,0.0,0.00112,0.0,0.75,28,95,0.0,0.0,FIX,OFF
2018-10-30T15:14:57,K01,F010,0,0,0.0,0,0,0,0.0,0,0.96,0.0,0.00252,0.0,0.75,28,95,0.0,0.0,FIX,OFF
2018-10-30T15:15:02,K01,F010,0,0,0.0,0,0,0,0.0,0,0.961,0.0,0.00392,0.0,0.75,28,95,0.0,0.0,FIX,OFF
2018-10-30T15:15:07,K01,F010,0,0,0.0,0,0,0,0.0,0,0.959,0.0,0.00532,0.0,0.75,28,95,0.0,0.0,FIX,OFF
2018-10-30T15:15:12,K01,F010,0,0,0.0,0,0,0,0.0,0,0.959,0.0,0.00672,0.0,0.75,28,95,0.0,0.0,FIX,OFF
2018-10-30T15:15:17,K01,F010,0,0,0.0,0,0,0,0.0,0,0.958,0.0,0.00812,0.0,0.75,28,95,0.0,0.0,FIX,OFF
2018-10-30T15:15:22,K01,F010,0,0,0.0,0,0,0,0.0,0,0.959,0.0,0.00952,0.0,0.75,28,95,0.0,0.0,FIX,OFF
2018-10-30T15:15:27,K01,F010,0,0,0.0,0,0,0,0.0,0,0.958,0.0,0.01092,0.0,0.75,28,95,0.0,0.0,FIX,OFF
2018-10-30T15:15:32,K01,F010,0,0,0.0,0,0,0,0.0,0,0.958,0.0,0.01232,0.0,0.75,28,95,0.0,0.0,FIX,OFF
2018-10-30T15:15:37,K01,F010,0,0,0.0,0,0,0,0.0,0,0.958,0.0,0.01372,0.0,0.75,28,95,0.0,0.0,FIX,OFF
2018-10-30T15:15:42,K01,F010,0,0,0.0,0,0,0,0.0,0,0.958,0.0,0.01512,0.0,0.75,28,95,0.0,0.0,FIX,OFF
2018-10-30T15:15:47,K01,F010,0,0,0.0,0,0,0,0.0,0,0.958,0.0,0.01652,0.0,0.75,28,95,0.0,0.0,FIX,OFF
2018-10-30T15:15:52,K01,F010,0,0,0.0,0,0,0,0,0,0.958,0.0,0.01792,0.0,0.75,28,95,0.0,0.0,OFF,OFF
2018-10-30T15:15:57,K01,F010,0,0,0.0,0,0,0,0,0,0.957,0.0,0.01932,0.0,0.75,28,95,0.0,0.0,OFF,OFF
2018-10-30T15:16:02,K01,F010,0,0,0.0,0,0,0,0,0,0.958,0.0,0.02072,0.0,0.75,28,95,0.0,0.0,OFF,OFF
2018-10-30T15:16:07,K01,F010,0,0,0.0,0,0,0,0,0,0.958,0.0,0.02212,0.0,0.75,28,95,0.0,0.0,OFF,OFF
2018-10-30T15:16:12,K01,F010,0,0,0.0,0,0,0,0,0,0.958,0.0,0.02352,0.0,0.75,28,95,0.0,0.0,OFF,OFF
2018-10-30T15:16:17,K01,F010,0,0,0.0,0,0,0,0,0,0.959,0.0,0.02492,0.0,0.75,28,95,0.0,0.0,OFF,OFF
2018-10-30T15:16:22,K01,F010,0,0,0.0,0,0,0,0,0,0.959,0.0,0.02632,0.0,0.75,28,95,0.0,0.0,OFF,OFF
2018-10-30T15:16:27,K01,F010,0,0,0.0,0,0,0,0,0,0.958,0.0,0.02772,0.0,0.75,28,95,0.0,0.0,OFF,OFF
2018-10-30T15:16:32,K01,F010,0,0,0.0,0,0,0,0,0,0.958,0.0,0.02912,0.0,0.75,28,95,0.0,0.0,OFF,OFF
2018-10-30T15:16:37,K01,F010,0,0,0.0,0,0,0,0,0,0.957,0.0,0.03052,0.0,0.75,28,95,0.0,0.0,OFF,OFF
2018-10-30T15:16:42,K01,F010,0,0,0.0,0,0,0,0,0,0.956,0.0,0.03192,0.0,0.75,28,95,0.0,0.0,OFF,OFF
2018-10-30T15:16:47,K01,F010,0,0,0.0,0,0,0,0,0,0.958,0.0,0.03332,0.0,0.75,28,95,0.0,0.0,OFF,OFF
2018-10-30T15:16:52,K01,F010,0,0,0.0,0,0,0,0,0,0.958,0.0,0.03472,0.0,0.75,28,95,0.0,0.0,OFF,OFF
2018-10-30T15:16:57,K01,F010,0,0,0.0,0,0,0,0,0,0.958,0.0,0.03612,0.0,0.75,28,95,0.0,0.0,OFF,OFF
