0,0.0
0,0.0
0,0.0
0,0.0
0,0.0
0,0.0
0,0.0
10,0.0
20,0.0
30,0.0
30,0.0
30,0.0
30,0.0
30,0.0
30,0.0
30,0.0
30,0.065
30,0.138
30,0.138
30,0.138
30,0.138
30,0.138
30,0.138
30,0.159
30,0.16
30,0.16
30,0.16
30,0.16
30,0.16
30,0.166
30,0.17
30,0.17
30,0.17
30,0.17
30,0.17
30,0.17
30,0.158
30,0.155
30,0.155
30,0.155
30,0.155
30,0.155
30,0.155
30,0.151
30,0.146
30,0.146
30,0.146
30,0.146
30,0.146
30,0.146
30,0.169
30,0.169
30,0.169
30,0.169
30,0.169
30,0.169
30,0.164
30,0.162
30,0.162
30,0.162
30,0.162
30,0.162
30,0.162
30,0.162
30,0.138
30,0.138
30,0.138
30,0.138
30,0.138
30,0.138
30,0.164
30,0.168
30,0.168
30,0.168
30,0.168
30,0.168
30,0.167
30,0.166
30,0.166
30,0.166
30,0.166
30,0.166
30,0.166
30,0.163
30,0.152
30,0.152
30,0.152
30,0.152
30,0.152
30,0.152
30,0.167
30,0.167
30,0.167
30,0.167
30,0.167
30,0.167
30,0.173
30,0.173
30,0.173
30,0.173
30,0.173
30,0.173
30,0.173
30,0.157
40,0.157
40,0.157
40,0.157
40,0.161
40,0.226
40,0.226
40,0.226
40,0.257
40,0.283
40,0.283
40,0.283
40,0.273
40,0.268
40,0.268
40,0.268
40,0.265
40,0.245
40,0.245
40,0.245
40,0.259
40,0.277
40,0.277
40,0.277
40,0.274
40,0.272
40,0.272
40,0.272
40,0.266
40,0.25
40,0.25
40,0.25
40,0.258
40,0.269
40,0.269
40,0.269
40,0.274
40,0.275
40,0.275
40,0.275
40,0.269
40,0.246
40,0.246
40,0.246
40,0.248
40,0.262
40,0.262
40,0.262
40,0.27
40,0.279
40,0.279
40,0.279
40,0.271
40,0.262
40,0.262
40,0.262
40,0.261
40,0.254
40,0.254
40,0.254
40,0.266
40,0.279
40,0.279
40,0.279
40,0.272
40,0.266
40,0.266
40,0.266
40,0.263
40,0.25
40,0.25
40,0.25
40,0.252
40,0.267
40,0.267
40,0.267
40,0.268
40,0.271
40,0.271
40,0.271
40,0.271
40,0.251
40,0.251
40,0.251
40,0.251
40,0.259
40,0.259
40,0.259
40,0.266
50,0.282
50,0.282
50,0.3
50,0.357
50,0.357
50,0.358
50,0.359
50,0.359
50,0.376
50,0.381
50,0.381
50,0.369
50,0.369
50,0.369
50,0.343
50,0.336
50,0.336
50,0.38
50,0.38
50,0.38
50,0.374
50,0.374
50,0.374
50,0.355
50,0.355
50,0.357
50,0.377
50,0.377
50,0.383
50,0.387
50,0.387
50,0.367
50,0.355
50,0.355
50,0.361
50,0.363
50,0.363
50,0.386
50,0.386
50,0.386
50,0.367
50,0.367
50,0.367
50,0.352
50,0.352
50,0.353
50,0.38
50,0.38
50,0.379
50,0.349
50,0.349
50,0.349
50,0.351
50,0.351
50,0.363
50,0.38
50,0.38
50,0.378
50,0.378
50,0.378
50,0.358
50,0.353
50,0.353
50,0.368
50,0.368
50,0.368
50,0.389
50,0.389
50,0.389
50,0.363
50,0.363
50,0.363
50,0.351
50,0.351
50,0.362
50,0.379
50,0.379
50,0.373
50,0.37
50,0.37
50,0.357
50,0.345
50,0.345
50,0.376
50,0.378
50,0.378
50,0.375
50,0.375
50,0.375
50,0.349
50,0.349
50,0.349
50,0.377
50,0.377
50,0.377
50,0.363
60,0.363
60,0.391
60,0.406
60,0.414
60,0.464
60,0.464
60,0.49
60,0.49
60,0.435
60,0.425
60,0.434
60,0.455
60,0.455
60,0.461
60,0.461
60,0.472
60,0.472
60,0.457
60,0.437
60,0.437
60,0.448
60,0.448
60,0.479
60,0.479
60,0.462
60,0.454
60,0.455
60,0.46
60,0.46
60,0.484
60,0.484
60,0.458
60,0.456
60,0.454
60,0.449
60,0.45
60,0.485
60,0.485
60,0.47
60,0.47
60,0.452
60,0.445
60,0.461
60,0.482
60,0.482
60,0.449
60,0.449
60,0.445
60,0.445
60,0.463
60,0.477
60,0.479
60,0.483
60,0.483
60,0.452
60,0.452
60,0.46
60,0.463
60,0.475
60,0.49
60,0.49
60,0.461
60,0.461
60,0.45
60,0.45
60,0.482
60,0.489
60,0.481
60,0.471
60,0.471
60,0.422
60,0.422
60,0.485
60,0.485
60,0.479
60,0.475
60,0.475
60,0.449
60,0.449
60,0.463
60,0.463
60,0.477
60,0.478
60,0.47
70,0.452
70,0.468
70,0.52
70,0.552
70,0.576
70,0.566
70,0.564
70,0.54
70,0.537
70,0.574
70,0.574
70,0.563
70,0.563
70,0.531
70,0.531
70,0.559
70,0.561
70,0.571
70,0.566
70,0.557
70,0.556
70,0.555
70,0.554
70,0.554
70,0.538
70,0.534
70,0.549
70,0.549
70,0.582
70,0.582
70,0.561
70,0.561
70,0.544
70,0.545
70,0.554
70,0.558
70,0.567
70,0.555
70,0.54
70,0.571
70,0.581
70,0.57
70,0.57
70,0.553
70,0.553
70,0.543
70,0.543
70,0.582
70,0.58
70,0.566
70,0.563
70,0.547
70,0.57
70,0.584
70,0.574
70,0.573
70,0.548
70,0.548
70,0.583
70,0.583
70,0.57
70,0.57
70,0.54
70,0.545
70,0.565
70,0.574
70,0.58
70,0.561
70,0.555
70,0.53
70,0.521
70,0.586
70,0.586
70,0.567
70,0.567
70,0.524
70,0.524
70,0.573
70,0.573
70,0.528
70,0.528
70,0.534
70,0.541
70,0.571
70,0.56
70,0.536
70,0.538
70,0.542
70,0.556
80,0.565
80,0.592
80,0.592
80,0.64
80,0.649
80,0.654
80,0.643
80,0.647
80,0.661
80,0.64
80,0.636
80,0.684
80,0.669
80,0.659
80,0.64
80,0.649
80,0.684
80,0.675
80,0.675
80,0.619
80,0.628
80,0.641
80,0.687
80,0.684
80,0.65
80,0.652
80,0.653
80,0.681
80,0.675
80,0.663
80,0.611
80,0.601
80,0.655
80,0.664
80,0.671
80,0.609
80,0.609
80,0.657
80,0.651
80,0.648
80,0.648
80,0.66
80,0.682
80,0.661
80,0.661
80,0.651
80,0.632
80,0.608
80,0.708
80,0.697
80,0.631
80,0.657
80,0.662
80,0.689
80,0.685
80,0.683
80,0.584
80,0.598
80,0.695
80,0.691
80,0.691
80,0.635
80,0.644
80,0.654
80,0.688
80,0.679
80,0.652
80,0.646
80,0.645
80,0.688
80,0.674
80,0.668
80,0.663
80,0.68
80,0.696
80,0.668
80,0.665
80,0.615
80,0.686
80,0.694
80,0.68
80,0.662
80,0.651
80,0.694
80,0.681
80,0.649
80,0.627
80,0.625
80,0.645
80,0.648
80,0.652
90,0.629
90,0.675
90,0.763
90,0.755
90,0.761
90,0.763
90,0.71
90,0.795
90,0.776
90,0.732
90,0.704
90,0.76
90,0.787
90,0.738
90,0.745
90,0.743
90,0.702
90,0.778
90,0.751
90,0.704
90,0.731
90,0.772
90,0.782
90,0.75
90,0.747
90,0.765
90,0.796
90,0.725
90,0.715
90,0.705
90,0.746
90,0.757
90,0.759
90,0.683
90,0.761
90,0.764
90,0.767
90,0.684
90,0.699
90,0.728
90,0.732
90,0.718
90,0.698
90,0.738
90,0.743
90,0.746
90,0.688
90,0.737
90,0.748
90,0.743
90,0.757
90,0.755
90,0.751
90,0.72
90,0.748
90,0.763
90,0.745
90,0.757
90,0.759
90,0.764
90,0.735
90,0.78
90,0.789
90,0.714
90,0.748
90,0.755
90,0.77
90,0.754
90,0.76
90,0.763
90,0.718
90,0.754
90,0.759
90,0.769
90,0.742
90,0.751
90,0.759
90,0.726
90,0.728
90,0.749
90,0.783
90,0.779
90,0.749
90,0.743
90,0.741
90,0.786
90,0.755
90,0.717
90,0.73
90,0.749
100,0.76
100,0.787
100,0.838
100,0.809
100,0.797
100,0.777
100,0.755
100,0.892
100,0.853
100,0.827
100,0.779
100,0.856
100,0.864
100,0.841
100,0.789
100,0.828
100,0.824
100,0.83
100,0.833
100,0.746
100,0.875
100,0.803
100,0.81
100,0.838
100,0.763
100,0.851
100,0.841
100,0.832
100,0.816
100,0.808
100,0.836
100,0.844
100,0.844
100,0.866
100,0.821
100,0.88
100,0.873
100,0.83
100,0.756
100,0.801
100,0.844
100,0.873
100,0.735
100,0.897
100,0.84
100,0.811
100,0.831
100,0.797
100,0.835
100,0.839
100,0.841
100,0.814
100,0.892
100,0.82
100,0.832
100,0.851
100,0.844
100,0.839
100,0.806
100,0.8
100,0.844
100,0.807
100,0.825
100,0.865
100,0.878
100,0.82
100,0.835
100,0.835
100,0.82
100,0.786
100,0.79
100,0.876
100,0.829
100,0.801
100,0.838
100,0.822
100,0.766
100,0.724
100,0.833
100,0.866
100,0.846
100,0.824
100,0.769
100,0.711
100,0.874
100,0.876
100,0.858
100,0.771
100,0.854
0,0.0
0,0.0
0,0.0
0,0.0
0,0.0
0,0.0
0,0.0
0,0.0
0,0.0
0,0.0
0,0.0
0,0.0
0,0.0
0,0.0
0,0.0
0,0.0
0,0.0
0,0.0
0,0.0
0,0.0
0,0.0
0,0.0
0,0.0
0,0.246
0,0.376
0,0.376
0,0.413
0,0.413
0,0.411
0,0.387
0,0.387
0,0.382
0,0.378
0,0.378
0,0.4
0,0.4
0,0.4
0,0.384
0,0.384
0,0.382
0,0.367
0,0.367
0,0.385
0,0.394
0,0.394
0,0.386
0,0.386
0,0.436
0,0.436
0,0.444
0,0.482
0,0.482
0,0.485
0,0.485
0,0.479
0,0.479
0,0.473
0,0.472
0,0.475
0,0.481
0,0.481
0,0.451
0,0.451
0,0.484
0,0.484
0,0.563
0,0.562
0,0.558
0,0.56
0,0.567
0,0.57
0,0.572
0,0.593
0,0.593
0,0.535
0,0.534
0,0.565
0,0.565
0,0.596
0,0.596
0,0.524
0,0.543
0,0.578
0,0.604
0,0.608
0,0.543
0,0.543
0,0.576
0,0.603
0,0.684
0,0.646
0,0.641
0,0.61
0,0.614
0,0.626
0,0.62
0,0.62
0,0.62
0,0.761
0,0.761
0,0.664
0,0.705
0,0.726
0,0.77
0,0.733
0,0.734
0,0.738
0,0.739
0,0.758
0,0.779
0,0.748
0,0.796
0,0.756
0,0.756
0,0.785
0,0.794
0,0.813
0,0.839
0,0.845
0,0.784
0,0.775
0,0.766
0,0.724
0,0.773
0,0.774
0,0.751
0,0.671
0,0.719
0,0.797
0,0.731
0,0.773
0,0.783
0,0.752
0,0.83
0,0.77
0,0.684
0,0.726
0,0.774
0,0.82
0,0.871
0,0.704
0,0.813
0,0.822
0,0.809
0,0.776
0,0.801
0,0.751
0,0.751
0,0.622
0,0.622
0,0.604
0,0.604
0,0.511
0,0.511
0,0.426
0,0.426
0,0.426
0,0.425
0,0.425
0,0.424
0,0.423
0,0.423
0,0.398
0,0.396
0,0.396
0,0.392
0,0.392
0,0.406
0,0.422
0,0.422
0,0.4
0,0.4
0,0.4
0,0.379
0,0.379
0,0.393
0,0.393
0,0.393
0,0.39
0,0.338
0,0.338
0,0.338
0,0.314
0,0.314
0,0.314
0,0.316
0,0.318
0,0.318
0,0.318
0,0.298
0,0.298
0,0.298
0,0.298
0,0.271
0,0.271
