29/01/19,8:16:28,M-1,F-1,721501.6199421069,7701608.813980153,-20.772158333333334,-42.872299166666664,0.0,A,0,0,24.6,0.143,0.0,0.66248,0.0946,0.75,28,95,0.0,0.0,OFF,OFF
29/01/19,8:16:30,M-1,F-1,721501.4131214598,7701608.927451825,-20.772157333333332,-42.87230116666667,0.0,A,0,0,24.6,0.142,0.0,0.66388,0.0946,0.75,28,95,0.0,0.0,OFF,OFF
29/01/19,8:16:32,M-1,F-1,721501.2412572439,7701609.058920655,-20.772156166666665,-42.872302833333336,0.0,A,0,0,24.8,0.142,0.0,0.66528,0.0946,0.75,28,95,0.0,0.0,OFF,OFF
29/01/19,8:16:34,M-1,F-1,721501.2087324356,7701609.225469023,-20.772154666666665,-42.87230316666667,0.0,A,0,0,24.6,0.142,0.0,0.66668,0.0946,0.75,28,95,0.0,0.0,OFF,OFF
29/01/19,8:16:36,M-1,F-1,721501.1933211001,7701609.37333414,-20.772153333333332,-42.872303333333335,0.0,A,0,0,24.6,0.142,0.0,0.66808,0.0946,0.75,28,95,0.0,0.0,OFF,OFF
29/01/19,8:16:38,M-1,F-1,721501.386189395,7701609.518454906,-20.772152,-42.8723015,0.0,A,0,0,24.7,0.141,0.0,0.66948,0.0946,0.75,28,95,0.0,0.0,OFF,OFF
29/01/19,8:16:40,M-1,F-1,721501.6853859772,7701609.828294464,-20.772149166666665,-42.872298666666666,1.0,A,0,0,24.6,0.141,0.357,0.67088,0.0947,0.75,28,95,0.0,0.0,FIX,OFF
29/01/19,8:16:42,M-1,F-1,721501.8476747805,7701610.287600014,-20.772145,-42.87229716666667,1.0,A,30000,0,24.6,0.142,0.357,0.67228,0.0952,0.75,28,95,1.4,0.0,FIX,OFF
29/01/19,8:16:44,M-1,F-1,721501.9566778657,7701610.65531889,-20.772141666666666,-42.872296166666665,0.0,A,30000,0,24.6,0.142,0.0,0.67368,0.0955,0.75,28,95,2.4,0.0,FIX,OFF
29/01/19,8:16:46,M-1,F-1,721502.1688481255,7701610.947847372,-20.772139,-42.87229416666667,0.0,A,30000,0,24.6,0.141,0.0,0.67508,0.0955,0.75,28,95,2.4,0.0,FIX,OFF
29/01/19,8:16:48,M-1,F-1,721502.259035601,7701611.205067627,-20.77213666666667,-42.87229333333333,0.0,A,30000,0,24.6,0.141,0.0,0.67648,0.0955,0.75,28,95,2.4,0.0,FIX,OFF
29/01/19,8:16:50,M-1,F-1,721502.2973963282,7701611.4814285245,-20.772134166666667,-42.872293,0.0,A,30000,0,24.6,0.141,0.0,0.67788,0.0955,0.75,28,95,2.4,0.0,FIX,OFF
29/01/19,8:16:52,M-1,F-1,721502.176143025,7701611.5014839545,-20.772134,-42.87229416666667,0.0,A,30000,0,24.6,0.141,0.0,0.67928,0.0955,0.75,28,95,2.4,0.0,FIX,OFF
29/01/19,8:16:54,M-1,F-1,721502.2986121454,7701611.573701289,-20.772133333333333,-42.872293,0.0,A,30000,0,24.4,0.14,0.0,0.68068,0.0955,0.75,28,95,2.4,0.0,FIX,OFF
29/01/19,8:16:56,M-1,F-1,721502.5782636659,7701611.717678558,-20.772132,-42.87229033333333,0.0,A,30000,0,24.6,0.14,0.0,0.68208,0.0955,0.75,28,95,2.4,0.0,FIX,OFF
29/01/19,8:16:58,M-1,F-1,721502.8229587507,7701611.843658665,-20.772130833333332,-42.872288,0.0,A,30000,0,24.6,0.14,0.0,0.68348,0.0955,0.75,28,95,2.4,0.0,FIX,OFF
29/01/19,8:17:00,M-1,F-1,721503.169605192,7701611.802175606,-20.772131166666668,-42.872284666666665,0.0,A,30000,0,24.6,0.139,0.0,0.68488,0.0955,0.75,28,95,2.4,0.0,FIX,OFF
29/01/19,8:17:02,M-1,F-1,721503.3949983283,7701611.78074798,-20.772131333333334,-42.8722825,0.0,A,30000,0,24.6,0.139,0.0,0.68628,0.0955,0.75,28,95,2.4,0.0,FIX,OFF
29/01/19,8:20:03,M-1,F-1,721500.6984559979,7701613.975836006,-20.772111833333334,-42.87230866666667,0.0,A,30000.0,0,24.5,0.139,0.0,0.68852,0.0955,0.75,28,95,2.4,0.0,FIX,OFF
29/01/19,8:20:05,M-1,F-1,721501.1509444609,7701614.062162692,-20.772111,-42.87230433333333,0.0,A,30000.0,0,24.6,0.138,0.0,0.68992,0.0955,0.75,28,95,2.4,0.0,FIX,OFF
29/01/19,8:20:07,M-1,F-1,721501.4645798034,7701614.150318933,-20.772110166666668,-42.87230133333333,0.0,A,30000.0,0,24.6,0.138,0.0,0.69132,0.0955,0.75,28,95,2.4,0.0,FIX,OFF
29/01/19,8:20:09,M-1,F-1,721501.5885079112,7701614.333263588,-20.7721085,-42.87230016666667,0.0,A,30000.0,0,24.6,0.138,0.0,0.69272,0.0955,0.75,28,95,2.4,0.0,FIX,OFF
29/01/19,8:20:11,M-1,F-1,721501.368464307,7701614.760691345,-20.772104666666667,-42.87230233333333,0.0,A,30000.0,0,24.6,0.138,0.0,0.69412,0.0955,0.75,28,95,2.4,0.0,FIX,OFF
29/01/19,8:20:13,M-1,F-1,721501.200490615,7701615.187433011,-20.772100833333333,-42.872304,0.0,A,30000.0,0,24.5,0.137,0.0,0.69552,0.0955,0.75,28,95,2.4,0.0,FIX,OFF
29/01/19,8:41:41,M-1,F-1,721501.0575037322,7701614.87553518,-20.772103666666666,-42.87230533333334,0.0,A,30000.0,0,24.5,0.137,0.0,0.6972,0.0955,0.75,28,95,2.4,0.0,FIX,OFF
29/01/19,8:41:43,M-1,F-1,721501.0230336109,7701614.894447122,-20.7721035,-42.87230566666667,0.0,A,30000.0,0,24.5,0.137,0.0,0.6986,0.0955,0.75,28,95,2.4,0.0,FIX,OFF
29/01/19,8:41:45,M-1,F-1,721501.0406334136,7701614.91267298,-20.772103333333334,-42.8723055,0.0,A,30000.0,0,24.5,0.136,0.0,0.7,0.0955,0.75,28,95,2.4,0.0,FIX,OFF
29/01/19,8:41:47,M-1,F-1,721500.9897792976,7701615.005631829,-20.7721025,-42.872306,0.0,A,30000.0,0,24.4,0.136,0.0,0.7014,0.0955,0.75,28,95,2.4,0.0,FIX,OFF
29/01/19,8:41:49,M-1,F-1,721500.834542169,7701615.081508296,-20.772101833333334,-42.8723075,0.0,A,30000.0,0,24.5,0.136,0.0,0.7028,0.0955,0.75,28,95,2.4,0.0,FIX,OFF
29/01/19,8:41:51,M-1,F-1,721500.7487316059,7701615.15646998,-20.772101166666666,-42.872308333333336,0.0,A,30000.0,0,24.5,0.136,0.0,0.7042,0.0955,0.75,28,95,2.4,0.0,FIX,OFF
29/01/19,8:41:53,M-1,F-1,721500.6462938841,7701615.287024017,-20.772100000000002,-42.872309333333334,0.0,A,30000.0,0,24.5,0.135,0.0,0.7056,0.0955,0.75,28,95,2.4,0.0,FIX,OFF
29/01/19,8:41:55,M-1,F-1,721500.5795420889,7701615.490938876,-20.772098166666666,-42.87231,0.0,A,30000.0,0,24.4,0.135,0.0,0.707,0.0955,0.75,28,95,2.4,0.0,FIX,OFF
29/01/19,8:41:57,M-1,F-1,721500.4267365624,7701615.751360864,-20.772095833333335,-42.8723115,0.0,A,30000.0,0,24.3,0.135,0.0,0.7084,0.0955,0.75,28,95,2.4,0.0,FIX,OFF
29/01/19,8:41:59,M-1,F-1,721500.2558449074,7701615.956647886,-20.772094,-42.872313166666665,0.0,A,30000.0,0,24.4,0.135,0.0,0.7098,0.0955,0.75,28,95,2.4,0.0,FIX,OFF
29/01/19,8:42:01,M-1,F-1,721499.9971973929,7701616.089260168,-20.772092833333332,-42.872315666666665,0.0,A,30000.0,0,24.3,0.134,0.0,0.7112,0.0955,0.75,28,95,2.4,0.0,FIX,OFF
29/01/19,8:42:03,M-1,F-1,721499.6688801433,7701616.2043326665,-20.772091833333334,-42.87231883333333,0.0,A,30000.0,0,24.4,0.134,0.0,0.7126,0.0955,0.75,28,95,2.4,0.0,FIX,OFF
29/01/19,8:42:05,M-1,F-1,721499.4102326205,7701616.336944938,-20.772090666666667,-42.87232133333333,0.0,A,30000.0,0,24.3,0.134,0.0,0.714,0.0955,0.75,28,95,2.4,0.0,FIX,OFF
29/01/19,8:42:07,M-1,F-1,721499.1855689021,7701616.413736163,-20.77209,-42.8723235,0.0,A,30000.0,0,24.4,0.133,0.0,0.7154,0.0955,0.75,28,95,2.4,0.0,FIX,OFF
29/01/19,8:42:09,M-1,F-1,721499.0826448418,7701616.507381083,-20.772089166666667,-42.8723245,0.0,A,30000.0,0,24.3,0.133,0.0,0.7168,0.0955,0.75,28,95,2.4,0.0,FIX,OFF
29/01/19,8:42:11,M-1,F-1,721499.1510987759,7701616.432648102,-20.772089833333332,-42.87232383333333,0.0,A,30000.0,0,24.4,0.133,0.0,0.7182,0.0955,0.75,28,95,2.4,0.0,FIX,OFF
29/01/19,8:42:13,M-1,F-1,721499.1156560121,7701616.37774183,-20.772090333333335,-42.872324166666665,0.0,A,30000.0,0,24.3,0.133,0.0,0.7196,0.0955,0.75,28,95,2.4,0.0,FIX,OFF
29/01/19,8:42:15,M-1,F-1,721499.1137107371,7701616.230105411,-20.772091666666668,-42.872324166666665,0.0,A,30000.0,0,24.5,0.132,0.0,0.721,0.0955,0.75,28,95,2.4,0.0,FIX,OFF
29/01/19,8:42:17,M-1,F-1,721499.095624616,7701616.174970447,-20.772092166666667,-42.87232433333333,0.0,A,30000.0,0,24.4,0.132,0.0,0.7224,0.0955,0.75,28,95,2.4,0.0,FIX,OFF
29/01/19,8:42:19,M-1,F-1,721498.9897826451,7701616.047160739,-20.772093333333334,-42.872325333333336,0.0,A,30000.0,0,24.3,0.132,0.0,0.7238,0.0955,0.75,28,95,2.4,0.0,FIX,OFF
29/01/19,8:42:21,M-1,F-1,721498.7629304988,7701615.957860986,-20.772094166666665,-42.8723275,0.0,A,30000.0,0,24.3,0.132,0.0,0.7252,0.0955,0.75,28,95,2.4,0.0,FIX,OFF
29/01/19,8:42:23,M-1,F-1,721498.5189648708,7701615.887244474,-20.772094833333334,-42.87232983333333,0.0,A,30000.0,0,24.6,0.131,0.0,0.7266,0.0955,0.75,28,95,2.4,0.0,FIX,OFF
29/01/19,8:42:25,M-1,F-1,721498.2405291194,7701615.835539897,-20.772095333333333,-42.8723325,0.0,A,30000.0,0,24.4,0.131,0.0,0.728,0.0955,0.75,28,95,2.4,0.0,FIX,OFF
29/01/19,8:42:27,M-1,F-1,721497.8777417402,7701615.969524298,-20.772094166666665,-42.872336,0.0,A,30000.0,0,24.3,0.131,0.0,0.7294,0.0955,0.75,28,95,2.4,0.0,FIX,OFF
29/01/19,8:42:29,M-1,F-1,721497.5841377683,7701616.084139373,-20.772093166666668,-42.87233883333333,0.0,A,30000.0,0,24.3,0.131,0.0,0.7308,0.0955,0.75,28,95,2.4,0.0,FIX,OFF
29/01/19,8:42:31,M-1,F-1,721497.2399228078,7701616.310167829,-20.772091166666666,-42.87234216666667,0.0,A,30000.0,0,24.6,0.13,0.0,0.7322,0.0955,0.75,28,95,2.4,0.0,FIX,OFF
29/01/19,9:59:16,M-1,F-1,721505.650205099,7701614.298202803,-20.772108333333332,-42.87226116666667,0.0,A,30000.0,0,24.6,0.13,0.0,0.73388,0.0955,0.75,28,95,2.4,0.0,FIX,OFF
29/01/19,9:59:18,M-1,F-1,721505.5827238676,7701614.446754028,-20.772107,-42.87226183333333,0.0,A,30000.0,0,24.6,0.13,0.0,0.73528,0.0955,0.75,28,95,2.4,0.0,FIX,OFF
29/01/19,9:59:20,M-1,F-1,721505.4130481167,7701614.744313874,-20.772104333333335,-42.8722635,0.0,A,30000.0,0,24.7,0.13,0.0,0.73668,0.0955,0.75,28,95,2.4,0.0,FIX,OFF
29/01/19,9:59:22,M-1,F-1,721505.1734594597,7701615.005879413,-20.772102,-42.87226583333333,0.0,A,30000.0,0,24.7,0.129,0.0,0.73808,0.0955,0.75,28,95,2.4,0.0,FIX,OFF
29/01/19,9:59:24,M-1,F-1,721504.8651737226,7701615.3237234,-20.772099166666667,-42.87226883333334,0.0,A,30000.0,0,24.7,0.129,0.0,0.73948,0.0955,0.75,28,95,2.4,0.0,FIX,OFF
29/01/19,9:59:26,M-1,F-1,721504.402866679,7701615.8097166475,-20.772094833333334,-42.87227333333333,0.0,A,30000.0,0,24.7,0.129,0.0,0.74088,0.0955,0.75,28,95,2.4,0.0,FIX,OFF
29/01/19,9:59:28,M-1,F-1,721504.0065818739,7701616.036431348,-20.772092833333332,-42.87227716666666,0.0,A,30000.0,0,24.7,0.129,0.0,0.74228,0.0955,0.75,28,95,2.4,0.0,FIX,OFF
29/01/19,9:59:30,M-1,F-1,721503.1834327311,7701616.804045506,-20.772086,-42.872285166666664,0.0,A,30000.0,0,24.7,0.128,0.0,0.74368,0.0955,0.75,28,95,2.4,0.0,FIX,OFF
29/01/19,9:59:32,M-1,F-1,721502.4294669279,7701617.552290279,-20.772079333333334,-42.8722925,0.0,A,30000.0,0,24.7,0.128,0.0,0.74508,0.0955,0.75,28,95,2.4,0.0,FIX,OFF
29/01/19,9:59:34,M-1,F-1,721502.3282450151,7701617.77511709,-20.772077333333332,-42.8722935,0.0,A,30000.0,0,24.7,0.128,0.0,0.74648,0.0955,0.75,28,95,2.4,0.0,FIX,OFF
29/01/19,9:59:36,M-1,F-1,721502.3306766422,7701617.959662616,-20.772075666666666,-42.8722935,0.0,A,30000.0,0,24.7,0.128,0.0,0.74788,0.0955,0.75,28,95,2.4,0.0,FIX,OFF
29/01/19,9:59:38,M-1,F-1,721502.6763505591,7701617.84436137,-20.772076666666667,-42.872290166666666,0.0,A,30000.0,0,24.7,0.127,0.0,0.74928,0.0955,0.75,28,95,2.4,0.0,FIX,OFF
29/01/19,9:59:40,M-1,F-1,721502.9540568742,7701617.840702221,-20.772076666666667,-42.8722875,0.0,A,30000.0,0,24.6,0.127,0.0,0.75068,0.0955,0.75,28,95,2.4,0.0,FIX,OFF
29/01/19,9:59:42,M-1,F-1,721503.3158716105,7701617.632899499,-20.7720785,-42.872284,0.0,A,30000.0,0,24.6,0.127,0.0,0.75208,0.0955,0.75,28,95,2.4,0.0,FIX,OFF
29/01/19,9:59:44,M-1,F-1,721503.6615455159,7701617.51759823,-20.7720795,-42.87228066666667,0.0,A,30000.0,0,24.6,0.127,0.0,0.75348,0.0955,0.75,28,95,2.4,0.0,FIX,OFF
29/01/19,9:59:46,M-1,F-1,721504.1959540219,7701617.233690299,-20.772082,-42.8722755,0.0,A,30000.0,0,24.6,0.127,0.0,0.75488,0.0955,0.75,28,95,2.4,0.0,FIX,OFF
29/01/19,10:03:41,M-1,F-1,721504.5618431771,7701614.7001564875,-20.772104833333334,-42.87227166666667,0.0,A,30000.0,0,24.6,0.126,0.0,0.75628,0.0955,0.75,28,95,2.4,0.0,FIX,OFF
29/01/19,10:03:43,M-1,F-1,721504.4405898511,7701614.720211932,-20.772104666666667,-42.872272833333334,0.0,A,30000.0,0,24.7,0.126,0.0,0.75768,0.0955,0.75,28,95,2.4,0.0,FIX,OFF
29/01/19,10:03:45,M-1,F-1,721504.3010072228,7701614.666677863,-20.772105166666666,-42.872274166666664,0.0,A,30000.0,0,24.7,0.126,0.0,0.75908,0.0955,0.75,28,95,2.4,0.0,FIX,OFF
29/01/19,10:03:47,M-1,F-1,721504.2139808491,7701614.6493668035,-20.772105333333332,-42.872275,0.0,A,30000.0,0,24.7,0.126,0.0,0.76048,0.0955,0.75,28,95,2.4,0.0,FIX,OFF
29/01/19,10:03:49,M-1,F-1,721504.075370883,7701614.669650945,-20.772105166666666,-42.87227633333333,0.0,A,30000.0,0,24.7,0.125,0.0,0.76188,0.0955,0.75,28,95,2.4,0.0,FIX,OFF
29/01/19,10:03:51,M-1,F-1,721503.88517732,7701614.727530286,-20.772104666666667,-42.87227816666667,0.0,A,30000.0,0,24.6,0.125,0.0,0.76328,0.0955,0.75,28,95,2.4,0.0,FIX,OFF
29/01/19,10:03:53,M-1,F-1,721503.7282380521,7701614.674224911,-20.772105166666666,-42.872279666666664,0.0,A,30000.0,0,24.6,0.125,0.0,0.76468,0.0955,0.75,28,95,2.4,0.0,FIX,OFF
29/01/19,10:03:55,M-1,F-1,721503.5356128447,7701614.547558719,-20.772106333333333,-42.8722815,0.0,A,30000.0,0,24.6,0.125,0.0,0.76608,0.0955,0.75,28,95,2.4,0.0,FIX,OFF
29/01/19,10:03:57,M-1,F-1,721503.4121710409,7701614.401523181,-20.772107666666667,-42.87228266666666,0.0,A,30000.0,0,24.6,0.124,0.0,0.76748,0.0955,0.75,28,95,2.4,0.0,FIX,OFF
29/01/19,10:03:59,M-1,F-1,721503.2547454495,7701614.311308697,-20.7721085,-42.87228416666667,0.0,A,30000.0,0,24.7,0.124,0.0,0.76888,0.0955,0.75,28,95,2.4,0.0,FIX,OFF
29/01/19,10:04:01,M-1,F-1,721503.2537727929,7701614.237490486,-20.772109166666667,-42.87228416666667,0.0,A,30000.0,0,24.7,0.124,0.0,0.77028,0.0955,0.75,28,95,2.4,0.0,FIX,OFF
29/01/19,10:04:03,M-1,F-1,721503.3227130283,7701614.1996665895,-20.7721095,-42.8722835,0.0,A,30000.0,0,24.7,0.124,0.0,0.77168,0.0955,0.75,28,95,2.4,0.0,FIX,OFF
29/01/19,10:04:05,M-1,F-1,721503.4080372473,7701614.087795784,-20.7721105,-42.87228266666666,0.0,A,30000.0,0,24.7,0.124,0.0,0.77308,0.0955,0.75,28,95,2.4,0.0,FIX,OFF
29/01/19,10:04:07,M-1,F-1,721503.5285610755,7701614.012376687,-20.772111166666665,-42.8722815,0.0,A,30000.0,0,24.7,0.123,0.0,0.77448,0.0955,0.75,28,95,2.4,0.0,FIX,OFF
29/01/19,10:04:09,M-1,F-1,721503.666441543,7701613.936728891,-20.772111833333334,-42.87228016666667,0.0,A,30000.0,0,24.7,0.123,0.0,0.77588,0.0955,0.75,28,95,2.4,0.0,FIX,OFF
29/01/19,10:04:11,M-1,F-1,721503.8554192722,7701613.786576789,-20.772113166666667,-42.872278333333334,0.0,A,30000.0,0,24.6,0.123,0.0,0.77728,0.0955,0.75,28,95,2.4,0.0,FIX,OFF
29/01/19,10:04:13,M-1,F-1,721503.9932997379,7701613.71092899,-20.772113833333332,-42.872277,0.0,A,30000.0,0,24.5,0.123,0.0,0.77868,0.0955,0.75,28,95,2.4,0.0,FIX,OFF
29/01/19,10:04:15,M-1,F-1,721504.0128448635,7701613.876791267,-20.772112333333332,-42.87227683333333,0.0,A,30000.0,0,24.5,0.122,0.0,0.78008,0.0955,0.75,28,95,2.4,0.0,FIX,OFF
29/01/19,10:04:17,M-1,F-1,721504.1174710378,7701613.912328182,-20.772112,-42.87227583333333,0.0,A,30000.0,0,24.5,0.122,0.0,0.78148,0.0955,0.75,28,95,2.4,0.0,FIX,OFF
29/01/19,10:04:19,M-1,F-1,721504.3062055984,7701613.7437215205,-20.7721135,-42.872274,0.0,A,30000.0,0,24.5,0.122,0.0,0.78288,0.0955,0.75,28,95,2.4,0.0,FIX,OFF
29/01/19,10:04:21,M-1,F-1,721504.5809938599,7701613.518607701,-20.772115499999998,-42.87227133333333,0.0,A,30000.0,0,24.5,0.122,0.0,0.78428,0.0955,0.75,28,95,2.4,0.0,FIX,OFF
29/01/19,10:04:23,M-1,F-1,721504.8051711885,7701613.404907294,-20.7721165,-42.87226916666667,0.0,A,30000.0,0,24.5,0.122,0.0,0.78568,0.0955,0.75,28,95,2.4,0.0,FIX,OFF
29/01/19,10:04:25,M-1,F-1,721504.9792239241,7701613.439529406,-20.772116166666667,-42.8722675,0.0,A,30000.0,0,24.5,0.121,0.0,0.78708,0.0955,0.75,28,95,2.4,0.0,FIX,OFF
29/01/19,10:04:27,M-1,F-1,721505.2354397003,7701613.122371511,-20.772119,-42.872265,0.0,A,30000.0,0,24.5,0.121,0.0,0.78848,0.0955,0.75,28,95,2.4,0.0,FIX,OFF
29/01/19,10:04:29,M-1,F-1,721505.5068236045,7701612.638893932,-20.772123333333333,-42.87226233333333,0.0,A,30000.0,0,24.6,0.121,0.0,0.78988,0.0955,0.75,28,95,2.4,0.0,FIX,OFF
29/01/19,10:04:31,M-1,F-1,721505.8601273412,7701611.785181785,-20.772131,-42.87225883333333,0.0,A,30000.0,0,24.6,0.121,0.0,0.79128,0.0955,0.75,28,95,2.4,0.0,FIX,OFF
29/01/19,10:04:33,M-1,F-1,721505.9584311547,7701611.3409003075,-20.772135,-42.872257833333336,0.0,A,30000.0,0,24.5,0.12,0.0,0.79268,0.0955,0.75,28,95,2.4,0.0,FIX,OFF
29/01/19,10:04:35,M-1,F-1,721505.8894909366,7701611.378724216,-20.772134666666666,-42.8722585,0.0,A,30000.0,0,24.6,0.12,0.0,0.79408,0.0955,0.75,28,95,2.4,0.0,FIX,OFF
29/01/19,10:04:37,M-1,F-1,721505.9396155123,7701611.230401689,-20.772136,-42.872258,0.0,A,30000.0,0,24.5,0.12,0.0,0.79548,0.0955,0.75,28,95,2.4,0.0,FIX,OFF
29/01/19,10:04:39,M-1,F-1,721506.0572212976,7701610.933527934,-20.772138666666667,-42.87225683333333,0.0,A,30000.0,0,24.6,0.12,0.0,0.79688,0.0955,0.75,28,95,2.4,0.0,FIX,OFF
29/01/19,10:04:41,M-1,F-1,721506.1222708302,7701610.600431174,-20.772141666666666,-42.872256166666666,0.0,A,30000.0,0,24.6,0.12,0.0,0.79828,0.0955,0.75,28,95,2.4,0.0,FIX,OFF
29/01/19,10:04:43,M-1,F-1,721506.0841532074,7701610.342524832,-20.772144,-42.8722565,0.0,A,30000.0,0,24.6,0.119,0.0,0.79968,0.0955,0.75,28,95,2.4,0.0,FIX,OFF
29/01/19,10:04:45,M-1,F-1,721505.9438411037,7701610.233627121,-20.772145,-42.872257833333336,0.0,A,30000.0,0,24.8,0.119,0.0,0.80108,0.0955,0.75,28,95,2.4,0.0,FIX,OFF
29/01/19,10:04:47,M-1,F-1,721505.954875383,7701609.753580039,-20.772149333333335,-42.87225766666667,0.0,A,30000.0,0,24.6,0.119,0.0,0.80248,0.0955,0.75,28,95,2.4,0.0,FIX,OFF
29/01/19,10:04:49,M-1,F-1,721505.8818013228,7701609.477676546,-20.772151833333332,-42.872258333333335,0.0,A,30000.0,0,24.6,0.119,0.0,0.80388,0.0955,0.75,28,95,2.4,0.0,FIX,OFF
29/01/19,10:04:51,M-1,F-1,721505.6060404798,7701609.628972182,-20.7721505,-42.872261,0.0,A,30000.0,0,24.6,0.119,0.0,0.80528,0.0955,0.75,28,95,2.4,0.0,FIX,OFF
29/01/19,10:04:53,M-1,F-1,721505.4156038129,7701609.668396993,-20.772150166666666,-42.87226283333333,0.0,A,30000.0,0,24.6,0.118,0.0,0.80668,0.0955,0.75,28,95,2.4,0.0,FIX,OFF
29/01/19,10:04:55,M-1,F-1,721505.3285774635,7701609.651085941,-20.772150333333332,-42.87226366666667,0.0,A,30000.0,0,24.6,0.118,0.0,0.80808,0.0955,0.75,28,95,2.4,0.0,FIX,OFF
29/01/19,10:04:57,M-1,F-1,721505.1735835692,7701609.745417008,-20.7721495,-42.872265166666665,0.0,A,30000.0,0,24.6,0.118,0.0,0.80948,0.0955,0.75,28,95,2.4,0.0,FIX,OFF
29/01/19,10:04:59,M-1,F-1,721505.1733404025,7701609.726962455,-20.772149666666667,-42.872265166666665,0.0,A,30000.0,0,24.6,0.118,0.0,0.81088,0.0955,0.75,28,95,2.4,0.0,FIX,OFF
29/01/19,10:05:01,M-1,F-1,721505.2254103123,7701609.726276355,-20.772149666666667,-42.872264666666666,0.0,A,30000.0,0,24.6,0.118,0.0,0.81228,0.0955,0.75,28,95,2.4,0.0,FIX,OFF
29/01/19,10:05:03,M-1,F-1,721505.0381348094,7701610.0056103505,-20.772147166666667,-42.8722665,0.0,A,30000.0,0,24.6,0.117,0.0,0.81368,0.0955,0.75,28,95,2.4,0.0,FIX,OFF
29/01/19,10:05:05,M-1,F-1,721504.7313081707,7701610.434181664,-20.772143333333332,-42.8722695,0.0,A,30000.0,0,24.6,0.117,0.0,0.81508,0.0955,0.75,28,95,2.4,0.0,FIX,OFF
29/01/19,10:05:07,M-1,F-1,721504.4080975417,7701610.936799883,-20.772138833333333,-42.87227266666667,0.0,A,30000.0,0,24.6,0.117,0.0,0.81648,0.0955,0.75,28,95,2.4,0.0,FIX,OFF
29/01/19,10:05:09,M-1,F-1,721504.1024866955,7701611.457643946,-20.772134166666667,-42.87227566666667,0.0,A,30000.0,0,24.6,0.117,0.0,0.81788,0.0955,0.75,28,95,2.4,0.0,FIX,OFF
29/01/19,10:05:11,M-1,F-1,721503.7790328602,7701611.941807596,-20.772129833333334,-42.87227883333333,0.0,A,30000.0,0,24.6,0.117,0.0,0.81928,0.0955,0.75,28,95,2.4,0.0,FIX,OFF
29/01/19,10:05:13,M-1,F-1,721503.5242760675,7701612.369692786,-20.772126,-42.87228133333333,0.0,A,30000.0,0,24.7,0.116,0.0,0.82068,0.0955,0.75,28,95,2.4,0.0,FIX,OFF
29/01/19,10:05:15,M-1,F-1,721503.390772574,7701612.777522532,-20.772122333333332,-42.87228266666666,0.0,A,30000.0,0,24.6,0.116,0.0,0.82208,0.0955,0.75,28,95,2.4,0.0,FIX,OFF
29/01/19,10:05:17,M-1,F-1,721503.2408850899,7701613.259399187,-20.772118,-42.87228416666667,0.0,A,30000.0,0,24.4,0.116,0.0,0.82348,0.0955,0.75,28,95,2.4,0.0,FIX,OFF
29/01/19,10:05:19,M-1,F-1,721503.1765649774,7701613.647859586,-20.7721145,-42.87228483333333,0.0,A,30000.0,0,24.5,0.116,0.0,0.82488,0.0955,0.75,28,95,2.4,0.0,FIX,OFF
29/01/19,10:05:21,M-1,F-1,721503.2334981818,7701614.016264549,-20.772111166666665,-42.87228433333333,0.0,A,30000.0,0,24.6,0.116,0.0,0.82628,0.0955,0.75,28,95,2.4,0.0,FIX,OFF
29/01/19,10:05:23,M-1,F-1,721503.2884860748,7701614.237033091,-20.772109166666667,-42.872283833333334,0.0,A,30000.0,0,24.6,0.115,0.0,0.82768,0.0955,0.75,28,95,2.4,0.0,FIX,OFF
29/01/19,10:05:25,M-1,F-1,721503.1544962276,7701614.607953727,-20.772105833333335,-42.872285166666664,0.0,A,30000.0,0,24.5,0.115,0.0,0.82908,0.0955,0.75,28,95,2.4,0.0,FIX,OFF
29/01/19,10:05:27,M-1,F-1,721503.0036360585,7701615.016012165,-20.772102166666667,-42.87228666666667,0.0,A,30000.0,0,24.4,0.115,0.0,0.83048,0.0955,0.75,28,95,2.4,0.0,FIX,OFF
29/01/19,10:05:29,M-1,F-1,721502.9202571417,7701615.275519391,-20.772099833333332,-42.8722875,0.0,A,30000.0,0,24.4,0.115,0.0,0.83188,0.0955,0.75,28,95,2.4,0.0,FIX,OFF
29/01/19,10:05:31,M-1,F-1,721502.8544780274,7701615.55325247,-20.772097333333335,-42.872288166666664,0.0,A,30000.0,0,24.3,0.115,0.0,0.83328,0.0955,0.75,28,95,2.4,0.0,FIX,OFF
29/01/19,10:05:33,M-1,F-1,721502.7363858183,7701615.813217089,-20.772095,-42.872289333333335,0.0,A,30000.0,0,24.5,0.114,0.0,0.83468,0.0955,0.75,28,95,2.4,0.0,FIX,OFF
29/01/19,10:05:35,M-1,F-1,721502.7889420734,7701615.8494401015,-20.772094666666668,-42.872288833333336,0.0,A,30000.0,0,24.5,0.114,0.0,0.83608,0.0955,0.75,28,95,2.4,0.0,FIX,OFF
29/01/19,10:05:37,M-1,F-1,721502.8243848489,7701615.9043463655,-20.772094166666665,-42.8722885,0.0,A,30000.0,0,24.6,0.114,0.0,0.83748,0.0955,0.75,28,95,2.4,0.0,FIX,OFF
29/01/19,10:05:39,M-1,F-1,721503.0160374095,7701615.957194356,-20.772093666666667,-42.87228666666667,0.0,A,30000.0,0,24.5,0.114,0.0,0.83888,0.0955,0.75,28,95,2.4,0.0,FIX,OFF
29/01/19,10:05:41,M-1,F-1,721503.154890552,7701615.955364777,-20.772093666666667,-42.87228533333333,0.0,A,30000.0,0,24.5,0.114,0.0,0.84028,0.0955,0.75,28,95,2.4,0.0,FIX,OFF
29/01/19,10:05:43,M-1,F-1,721503.4318673441,7701615.896341959,-20.772094166666665,-42.87228266666666,0.0,A,30000.0,0,24.6,0.113,0.0,0.84168,0.0955,0.75,28,95,2.4,0.0,FIX,OFF
29/01/19,10:05:45,M-1,F-1,721503.7088441341,7701615.837319134,-20.772094666666668,-42.87228,0.0,A,30000.0,0,24.5,0.113,0.0,0.84308,0.0955,0.75,28,95,2.4,0.0,FIX,OFF
29/01/19,10:05:47,M-1,F-1,721504.1386263983,7701615.51787428,-20.7720975,-42.87227583333333,0.0,A,30000.0,0,24.5,0.113,0.0,0.84448,0.0955,0.75,28,95,2.4,0.0,FIX,OFF
29/01/19,10:05:49,M-1,F-1,721504.483327593,7701615.328754779,-20.772099166666667,-42.8722725,0.0,A,30000.0,0,24.6,0.113,0.0,0.84588,0.0955,0.75,28,95,2.4,0.0,FIX,OFF
29/01/19,10:05:51,M-1,F-1,721504.8290014435,7701615.213453482,-20.772100166666668,-42.87226916666667,0.0,A,30000.0,0,24.5,0.113,0.0,0.84728,0.0955,0.75,28,95,2.4,0.0,FIX,OFF
29/01/19,10:05:53,M-1,F-1,721505.1064645522,7701615.19133974,-20.772100333333334,-42.8722665,0.0,A,30000.0,0,24.4,0.113,0.0,0.84868,0.0955,0.75,28,95,2.4,0.0,FIX,OFF
29/01/19,10:05:55,M-1,F-1,721505.3149874249,7701615.207049898,-20.772100166666668,-42.8722645,0.0,A,30000.0,0,23.9,0.112,0.0,0.85008,0.0955,0.75,28,95,2.4,0.0,FIX,OFF
29/01/19,10:05:57,M-1,F-1,721505.5763097248,7701615.277437612,-20.7720995,-42.872262,0.0,A,30000.0,0,24.0,0.112,0.0,0.85148,0.0955,0.75,28,95,2.4,0.0,FIX,OFF
29/01/19,10:05:59,M-1,F-1,721505.7342216722,7701615.4045611825,-20.772098333333332,-42.8722605,0.0,A,30000.0,0,24.1,0.112,0.0,0.85288,0.0955,0.75,28,95,2.4,0.0,FIX,OFF
29/01/19,10:06:01,M-1,F-1,721505.8219775526,7701615.477235894,-20.772097666666667,-42.872259666666665,0.0,A,30000.0,0,24.1,0.112,0.0,0.85428,0.0955,0.75,28,95,2.4,0.0,FIX,OFF
29/01/19,10:06:03,M-1,F-1,721505.8583930057,7701615.605960365,-20.7720965,-42.87225933333333,0.0,A,30000.0,0,23.9,0.112,0.0,0.85568,0.0955,0.75,28,95,2.4,0.0,FIX,OFF
29/01/19,10:06:05,M-1,F-1,721505.9102197663,7701615.586819711,-20.772096666666666,-42.87225883333333,0.0,A,30000.0,0,23.8,0.111,0.0,0.85708,0.0955,0.75,28,95,2.4,0.0,FIX,OFF
29/01/19,10:06:07,M-1,F-1,721505.9449330515,7701615.586362311,-20.772096666666666,-42.8722585,0.0,A,30000.0,0,23.5,0.111,0.0,0.85848,0.0955,0.75,28,95,2.4,0.0,FIX,OFF
29/01/19,10:06:09,M-1,F-1,721505.84200903,7701615.680007277,-20.772095833333335,-42.8722595,0.0,A,30000.0,0,23.5,0.111,0.0,0.85988,0.0955,0.75,28,95,2.4,0.0,FIX,OFF
29/01/19,10:06:11,M-1,F-1,721505.7217283644,7701615.773880943,-20.772095,-42.87226066666667,0.0,A,30000.0,0,23.5,0.111,0.0,0.86128,0.0955,0.75,28,95,2.4,0.0,FIX,OFF
29/01/19,10:06:13,M-1,F-1,721505.6178316742,7701615.793707695,-20.772094833333334,-42.87226166666667,0.0,A,30000.0,0,23.6,0.111,0.0,0.86268,0.0955,0.75,28,95,2.4,0.0,FIX,OFF
29/01/19,10:06:15,M-1,F-1,721505.5312916264,7701615.813305749,-20.772094666666668,-42.8722625,0.0,A,30000.0,0,23.6,0.111,0.0,0.86408,0.0955,0.75,28,95,2.4,0.0,FIX,OFF
29/01/19,10:06:17,M-1,F-1,721505.4777626997,7701615.703264531,-20.772095666666665,-42.872263,0.0,A,30000.0,0,23.5,0.11,0.0,0.86548,0.0955,0.75,28,95,2.4,0.0,FIX,OFF
29/01/19,10:06:19,M-1,F-1,721505.4579743919,7701615.5189477,-20.772097333333335,-42.87226316666667,0.0,A,30000.0,0,23.7,0.11,0.0,0.86688,0.0955,0.75,28,95,2.4,0.0,FIX,OFF
29/01/19,10:06:21,M-1,F-1,721505.2352560338,7701615.743375432,-20.772095333333333,-42.87226533333333,0.0,A,30000.0,0,23.5,0.11,0.0,0.86828,0.0955,0.75,28,95,2.4,0.0,FIX,OFF
29/01/19,10:06:23,M-1,F-1,721505.147743321,7701615.68915527,-20.772095833333335,-42.87226616666667,0.0,A,30000.0,0,23.7,0.11,0.0,0.86968,0.0955,0.75,28,95,2.4,0.0,FIX,OFF
29/01/19,10:06:25,M-1,F-1,721505.2636469975,7701615.263099656,-20.772099666666666,-42.872265,0.0,A,30000.0,0,23.7,0.11,0.0,0.87108,0.0955,0.75,28,95,2.4,0.0,FIX,OFF
29/01/19,10:06:27,M-1,F-1,721505.7015455225,7701614.242153043,-20.772108833333334,-42.87226066666667,0.0,A,30000.0,0,23.5,0.109,0.0,0.87248,0.0955,0.75,28,95,2.4,0.0,FIX,OFF
29/01/19,10:06:29,M-1,F-1,721506.0054542124,7701613.592127081,-20.772114666666667,-42.87225766666667,0.0,A,30000.0,0,23.6,0.109,0.0,0.87388,0.0955,0.75,28,95,2.4,0.0,FIX,OFF
29/01/19,10:06:31,M-1,F-1,721506.3081470386,7701612.849828344,-20.772121333333335,-42.87225466666666,0.0,A,30000.0,0,23.6,0.109,0.0,0.87528,0.0955,0.75,28,95,2.4,0.0,FIX,OFF
29/01/19,10:06:33,M-1,F-1,721506.4091256962,7701612.608546948,-20.7721235,-42.872253666666666,0.0,A,30000.0,0,23.5,0.109,0.0,0.87668,0.0955,0.75,28,95,2.4,0.0,FIX,OFF
29/01/19,10:06:35,M-1,F-1,721506.6274669692,7701612.051937239,-20.7721285,-42.8722515,0.0,A,30000.0,0,23.6,0.109,0.0,0.87808,0.0955,0.75,28,95,2.4,0.0,FIX,OFF
29/01/19,10:06:37,M-1,F-1,721506.7607272108,7701611.625652906,-20.77213233333333,-42.87225016666667,0.0,A,30000.0,0,24.7,0.109,0.0,0.87948,0.0955,0.75,28,95,2.4,0.0,FIX,OFF
29/01/19,10:06:39,M-1,F-1,721506.7913066258,7701611.311468098,-20.772135166666665,-42.872249833333335,0.0,A,30000.0,0,24.7,0.108,0.0,0.88088,0.0955,0.75,28,95,2.4,0.0,FIX,OFF
29/01/19,10:06:41,M-1,F-1,721506.6517240149,7701611.257934051,-20.772135666666667,-42.872251166666665,0.0,A,30000.0,0,24.7,0.108,0.0,0.88228,0.0955,0.75,28,95,2.4,0.0,FIX,OFF
29/01/19,10:20:17,M-1,F-1,721508.9815872906,7701608.901556762,-20.772156666666667,-42.8722285,0.0,A,30000.0,0,24.7,0.108,0.0,0.8848,0.0955,0.75,28,95,2.4,0.0,FIX,OFF
29/01/19,10:20:19,M-1,F-1,721508.7234262874,7701609.071078302,-20.772155166666668,-42.872231,0.0,A,30000.0,0,24.7,0.108,0.0,0.8862,0.0955,0.75,28,95,2.4,0.0,FIX,OFF
29/01/19,10:20:21,M-1,F-1,721508.5173351872,7701609.239913726,-20.772153666666668,-42.872233,0.0,A,30000.0,0,24.6,0.108,0.0,0.8876,0.0955,0.75,28,95,2.4,0.0,FIX,OFF
29/01/19,10:20:23,M-1,F-1,721508.346200528,7701609.426746295,-20.772152,-42.872234666666664,0.0,A,30000.0,0,24.6,0.107,0.0,0.889,0.0955,0.75,28,95,2.4,0.0,FIX,OFF
29/01/19,10:20:25,M-1,F-1,721508.1249413136,7701609.761901397,-20.772149,-42.87223683333333,0.0,A,30000.0,0,24.6,0.107,0.0,0.8904,0.0955,0.75,28,95,2.4,0.0,FIX,OFF
29/01/19,10:20:27,M-1,F-1,721507.9711632798,7701609.948505256,-20.772147333333333,-42.872238333333335,0.0,A,30000.0,0,24.6,0.107,0.0,0.8918,0.0955,0.75,28,95,2.4,0.0,FIX,OFF
29/01/19,10:20:29,M-1,F-1,721507.8701846641,7701610.189786667,-20.772145166666668,-42.87223933333333,0.0,A,30000.0,0,24.6,0.107,0.0,0.8932,0.0955,0.75,28,95,2.4,0.0,FIX,OFF
29/01/19,10:20:31,M-1,F-1,721507.6481959216,7701610.4695781,-20.772142666666667,-42.8722415,0.0,A,30000.0,0,24.6,0.107,0.0,0.8946,0.0955,0.75,28,95,2.4,0.0,FIX,OFF
29/01/19,10:20:33,M-1,F-1,721507.5110450065,7701610.600589593,-20.7721415,-42.87224283333333,0.0,A,30000.0,0,24.7,0.107,0.0,0.896,0.0955,0.75,28,95,2.4,0.0,FIX,OFF
29/01/19,10:22:48,M-1,F-1,721506.4953308343,7701613.880996307,-20.772112,-42.872253,0.0,A,30000.0,0,24.7,0.106,0.0,0.89824,0.0955,0.75,28,95,2.4,0.0,FIX,OFF
29/01/19,10:22:50,M-1,F-1,721506.4757856841,7701613.71513403,-20.7721135,-42.87225316666667,0.0,A,30000.0,0,24.7,0.106,0.0,0.89964,0.0955,0.75,28,95,2.4,0.0,FIX,OFF
29/01/19,10:22:52,M-1,F-1,721506.4220135876,7701613.5866382625,-20.772114666666667,-42.872253666666666,0.0,A,30000.0,0,24.7,0.106,0.0,0.90104,0.0955,0.75,28,95,2.4,0.0,FIX,OFF
29/01/19,10:22:54,M-1,F-1,721506.36848466,7701613.4765970465,-20.772115666666668,-42.872254166666664,0.0,A,30000.0,0,24.7,0.106,0.0,0.90244,0.0955,0.75,28,95,2.4,0.0,FIX,OFF
29/01/19,10:22:56,M-1,F-1,721506.3494258458,7701613.347643876,-20.77211683333333,-42.87225433333333,0.0,A,30000.0,0,24.6,0.106,0.0,0.90384,0.0955,0.75,28,95,2.4,0.0,FIX,OFF
29/01/19,10:22:58,M-1,F-1,721506.3829232879,7701613.254913708,-20.772117666666666,-42.872254,0.0,A,30000.0,0,24.6,0.105,0.0,0.90524,0.0955,0.75,28,95,2.4,0.0,FIX,OFF
29/01/19,10:23:00,M-1,F-1,721506.5032039308,7701613.161040036,-20.7721185,-42.872252833333334,0.0,A,30000.0,0,24.6,0.105,0.0,0.90664,0.0955,0.75,28,95,2.4,0.0,FIX,OFF
29/01/19,10:23:02,M-1,F-1,721506.5716578197,7701613.086307018,-20.772119166666666,-42.87225216666667,0.0,A,30000.0,0,24.6,0.105,0.0,0.90804,0.0955,0.75,28,95,2.4,0.0,FIX,OFF
29/01/19,10:23:04,M-1,F-1,721506.6408412128,7701613.066937661,-20.772119333333332,-42.8722515,0.0,A,30000.0,0,24.7,0.105,0.0,0.90944,0.0955,0.75,28,95,2.4,0.0,FIX,OFF
29/01/19,10:23:06,M-1,F-1,721506.6745818207,7701612.992662045,-20.77212,-42.872251166666665,0.0,A,30000.0,0,24.7,0.105,0.0,0.91084,0.0955,0.75,28,95,2.4,0.0,FIX,OFF
29/01/19,10:23:08,M-1,F-1,721506.7770194835,7701612.862107965,-20.77212116666667,-42.87225016666667,0.0,A,30000.0,0,24.7,0.105,0.0,0.91224,0.0955,0.75,28,95,2.4,0.0,FIX,OFF
29/01/19,10:23:10,M-1,F-1,721506.880429818,7701612.8053720975,-20.772121666666667,-42.87224916666667,0.0,A,30000.0,0,24.2,0.105,0.0,0.91364,0.0955,0.75,28,95,2.4,0.0,FIX,OFF
29/01/19,10:23:12,M-1,F-1,721506.983110647,7701612.693272568,-20.772122666666668,-42.872248166666665,0.0,A,30000.0,0,24.3,0.104,0.0,0.91504,0.0955,0.75,28,95,2.4,0.0,FIX,OFF
29/01/19,10:23:14,M-1,F-1,721507.1036344506,7701612.617853444,-20.772123333333333,-42.872247,0.0,A,30000.0,0,24.3,0.104,0.0,0.91644,0.0955,0.75,28,95,2.4,0.0,FIX,OFF
29/01/19,10:23:16,M-1,F-1,721507.2420012311,7701612.579114723,-20.772123666666666,-42.872245666666664,0.0,A,30000.0,0,24.3,0.104,0.0,0.91784,0.0955,0.75,28,95,2.4,0.0,FIX,OFF
29/01/19,10:23:18,M-1,F-1,721507.3285412607,7701612.55951666,-20.772123833333332,-42.87224483333333,0.0,A,30000.0,0,24.2,0.104,0.0,0.91924,0.0955,0.75,28,95,2.4,0.0,FIX,OFF
29/01/19,10:24:54,M-1,F-1,721508.062291914,7701614.229504205,-20.772108666666668,-42.872238,0.0,A,30000.0,0,24.6,0.104,0.0,0.92148,0.0955,0.75,28,95,2.4,0.0,FIX,OFF
29/01/19,10:24:56,M-1,F-1,721507.9097296805,7701614.508380827,-20.772106166666667,-42.8722395,0.0,A,30000.0,0,24.6,0.103,0.0,0.92288,0.0955,0.75,28,95,2.4,0.0,FIX,OFF
29/01/19,10:24:58,M-1,F-1,721507.910216019,7701614.545289933,-20.772105833333335,-42.8722395,0.0,A,30000.0,0,24.6,0.103,0.0,0.92428,0.0955,0.75,28,95,2.4,0.0,FIX,OFF
29/01/19,10:25:00,M-1,F-1,721507.6557024466,7701614.991629744,-20.772101833333334,-42.872242,0.0,A,30000.0,0,24.7,0.103,0.0,0.92568,0.0955,0.75,28,95,2.4,0.0,FIX,OFF
29/01/19,10:25:02,M-1,F-1,721507.5200105029,7701615.233368551,-20.772099666666666,-42.87224333333333,0.0,A,30000.0,0,24.2,0.103,0.0,0.92708,0.0955,0.75,28,95,2.4,0.0,FIX,OFF
29/01/19,10:25:04,M-1,F-1,721507.3672050807,7701615.493790612,-20.772097333333335,-42.87224483333333,0.0,A,30000.0,0,24.3,0.103,0.0,0.92848,0.0955,0.75,28,95,2.4,0.0,FIX,OFF
29/01/19,10:25:06,M-1,F-1,721507.1960703367,7701615.680623161,-20.772095666666665,-42.8722465,0.0,A,30000.0,0,24.4,0.103,0.0,0.92988,0.0955,0.75,28,95,2.4,0.0,FIX,OFF
29/01/19,10:25:08,M-1,F-1,721506.6995363911,7701616.203982985,-20.772091,-42.87225133333333,0.0,A,30000.0,0,23.9,0.103,0.0,0.93128,0.0955,0.75,28,95,2.4,0.0,FIX,OFF
29/01/19,10:25:10,M-1,F-1,721505.9463002579,7701617.007591591,-20.772083833333333,-42.87225866666667,0.0,A,30000.0,0,23.8,0.102,0.0,0.93268,0.0955,0.75,28,95,2.4,0.0,FIX,OFF
29/01/19,10:25:12,M-1,F-1,721505.244404489,7701617.7551504,-20.772077166666666,-42.8722655,0.0,A,30000.0,0,23.8,0.102,0.0,0.93408,0.0955,0.75,28,95,2.4,0.0,FIX,OFF
29/01/19,10:25:14,M-1,F-1,721504.6439737134,7701618.2983369,-20.772072333333334,-42.87227133333333,0.0,A,30000.0,0,23.9,0.102,0.0,0.93548,0.0955,0.75,28,95,2.4,0.0,FIX,OFF
29/01/19,10:25:16,M-1,F-1,721504.3689422021,7701618.504996158,-20.7720705,-42.872274,0.0,A,30000.0,0,23.9,0.102,0.0,0.93688,0.0955,0.75,28,95,2.4,0.0,FIX,OFF
29/01/19,10:25:18,M-1,F-1,721504.3322835908,7701618.357817133,-20.77207183333333,-42.87227433333334,0.0,A,30000.0,0,24.0,0.102,0.0,0.93828,0.0955,0.75,28,95,2.4,0.0,FIX,OFF
29/01/19,10:25:20,M-1,F-1,721504.2956249816,7701618.210638107,-20.772073166666665,-42.87227466666667,0.0,A,30000.0,0,23.7,0.102,0.0,0.93968,0.0955,0.75,28,95,2.4,0.0,FIX,OFF
29/01/19,10:25:22,M-1,F-1,721503.693735176,7701618.643097252,-20.772069333333334,-42.8722805,0.0,A,30000.0,0,23.8,0.101,0.0,0.94108,0.0955,0.75,28,95,2.4,0.0,FIX,OFF
29/01/19,10:27:00,M-1,F-1,721502.0773786802,7701618.498275086,-20.772070833333334,-42.872296,0.0,A,30000.0,0,24.6,0.101,0.0,0.94388,0.0955,0.75,28,95,2.4,0.0,FIX,OFF
29/01/19,10:27:04,M-1,F-1,721502.3905277839,7701618.549522212,-20.772070333333332,-42.872293,0.0,A,30000.0,0,24.6,0.101,0.0,0.94668,0.0955,0.75,28,95,2.4,0.0,FIX,OFF
29/01/19,10:27:08,M-1,F-1,721502.7391196701,7701618.6556755975,-20.772069333333334,-42.87228966666667,0.0,A,30000.0,0,24.6,0.101,0.0,0.94948,0.0955,0.75,28,95,2.4,0.0,FIX,OFF
29/01/19,10:27:12,M-1,F-1,721503.4307106894,7701618.443527635,-20.772071166666667,-42.872283,0.0,A,30000.0,0,24.5,0.1,0.0,0.95228,0.0955,0.75,28,95,2.4,0.0,FIX,OFF
29/01/19,10:27:16,M-1,F-1,721504.2567778893,7701617.897368105,-20.772076,-42.872275,0.0,A,30000.0,0,24.5,0.1,0.0,0.95508,0.0955,0.75,28,95,2.4,0.0,FIX,OFF
29/01/19,10:27:20,M-1,F-1,721505.1139108392,7701617.073932838,-20.772083333333335,-42.87226666666667,0.0,A,30000.0,0,24.5,0.1,0.0,0.95788,0.0955,0.75,28,95,2.4,0.0,FIX,OFF
29/01/19,10:27:24,M-1,F-1,721506.0725087275,7701616.046125233,-20.7720925,-42.87225733333333,0.0,A,30000.0,0,24.5,0.099,0.0,0.96068,0.0955,0.75,28,95,2.4,0.0,FIX,OFF
29/01/19,10:27:28,M-1,F-1,721506.4666050028,7701615.653319504,-20.772096,-42.8722535,0.0,A,30000.0,0,24.4,0.099,0.0,0.96348,0.0955,0.75,28,95,2.4,0.0,FIX,OFF
29/01/19,10:27:32,M-1,F-1,721506.3311562026,7701615.913512854,-20.772093666666667,-42.872254833333336,0.0,A,30000.0,0,24.4,0.099,0.0,0.96628,0.0955,0.75,28,95,2.4,0.0,FIX,OFF
29/01/19,10:30:17,M-1,F-1,721507.1588336686,7701616.807037004,-20.7720855,-42.872247,0.0,A,30000.0,0,24.7,0.098,0.0,0.97104,0.0955,0.75,28,95,2.4,0.0,FIX,OFF
29/01/19,10:30:21,M-1,F-1,721507.414563129,7701616.452969972,-20.772088666666665,-42.8722445,0.0,A,30000.0,0,24.7,0.098,0.0,0.97384,0.0955,0.75,28,95,2.4,0.0,FIX,OFF
29/01/19,10:30:25,M-1,F-1,721508.1824809498,7701615.446132502,-20.772097666666667,-42.872237,0.0,A,30000.0,0,24.6,0.098,0.0,0.97664,0.0955,0.75,28,95,2.4,0.0,FIX,OFF
29/01/19,10:30:29,M-1,F-1,721509.6867642514,7701613.672824033,-20.7721135,-42.87222233333333,0.0,A,30000.0,0,24.5,0.098,0.0,0.97944,0.0955,0.75,28,95,2.4,0.0,FIX,OFF
29/01/19,10:30:33,M-1,F-1,721510.5348993472,7701612.166569961,-20.772127,-42.872214,0.0,A,30000.0,0,24.4,0.097,0.0,0.98224,0.0955,0.75,28,95,2.4,0.0,FIX,OFF
29/01/19,10:30:37,M-1,F-1,721510.652991408,7701611.906605275,-20.772129333333332,-42.872212833333336,0.0,A,30000.0,0,24.3,0.097,0.0,0.98504,0.0955,0.75,28,95,2.4,0.0,FIX,OFF
29/01/19,10:30:41,M-1,F-1,721510.2171300498,7701611.76468648,-20.772130666666666,-42.872217,0.0,A,30000.0,0,24.3,0.097,0.0,0.98784,0.0955,0.75,28,95,2.4,0.0,FIX,OFF
29/01/19,10:37:40,M-1,F-1,721508.1204126385,7701608.100762895,-20.772164,-42.872236666666666,0.0,A,30000.0,0,24.6,0.096,0.0,0.99099,0.0955,0.75,28,95,2.4,0.0,FIX,OFF
29/01/19,10:37:44,M-1,F-1,721508.2123023904,7701608.487164998,-20.7721605,-42.872235833333335,0.0,A,0,0,24.6,0.096,0.0,0.99372,0.0955,0.75,28,95,0.0,0.0,OFF,OFF
29/01/19,10:37:48,M-1,F-1,721508.3222782927,7701608.928702058,-20.7721565,-42.87223483333333,0.0,A,40000.0,0,24.6,0.096,0.0,0.99435,0.0955,0.75,28,95,0.0,0.0,MAP,OFF
29/01/19,10:37:52,M-1,F-1,721508.720751409,7701608.868078215,-20.772157,-42.872231,0.0,A,40000.0,0,24.6,0.096,0.0,0.99435,0.0955,0.75,28,95,0.0,0.0,MAP,OFF
29/01/19,10:41:01,M-1,F-1,721508.1954605423,7701615.113721841,-20.772100666666667,-42.87223683333333,0.0,A,40000.0,0,24.6,0.096,0.0,0.99694,0.0955,0.75,28,95,3.2,0.0,MAP,OFF
29/01/19,10:41:05,M-1,F-1,721507.7290197187,7701615.285987785,-20.772099166666667,-42.872241333333335,1.0,A,40000.0,0,24.5,0.096,0.0,0.99974,0.0955,0.75,28,95,3.2,0.0,MAP,OFF
29/01/19,10:42:58,M-1,F-1,721512.2445133873,7701603.5796428835,-20.772204333333335,-42.8721965,0.0,A,0,0,24.6,0.095,0.0,1.00485,0.0955,0.75,28,95,0.0,0.0,OFF,OFF
29/01/19,10:43:02,M-1,F-1,721511.5088779358,7701604.401477671,-20.772197,-42.872203666666664,1.0,A,50000.0,0,24.7,0.095,0.0,1.00765,0.0955,0.75,28,95,3.9,0.0,MAP,OFF
29/01/19,10:43:06,M-1,F-1,721510.8942524901,7701605.184802368,-20.77219,-42.87220966666667,1.0,A,50000.0,0,24.4,0.095,0.0,1.01045,0.0955,0.75,28,95,3.9,0.0,MAP,OFF
29/01/19,10:43:10,M-1,F-1,721510.2473454475,7701606.153129984,-20.772181333333332,-42.872216,1.0,A,50000.0,0,24.5,0.094,0.0,1.01325,0.0955,0.75,28,95,3.9,0.0,MAP,OFF
29/01/19,10:43:14,M-1,F-1,721509.9302143774,7701607.117112171,-20.772172666666666,-42.87221916666667,1.0,A,50000.0,0,24.4,0.094,0.0,1.01605,0.0955,0.75,28,95,3.9,0.0,MAP,OFF
29/01/19,10:43:18,M-1,F-1,721509.8724601057,7701608.003845559,-20.772164666666665,-42.87221983333333,1.0,A,50000.0,0,24.4,0.094,0.0,1.01885,0.0955,0.75,28,95,3.9,0.0,MAP,OFF
29/01/19,10:43:22,M-1,F-1,721510.0024675808,7701608.648153995,-20.772158833333332,-42.87221866666667,1.0,A,50000.0,0,24.4,0.093,0.0,1.02165,0.0955,0.75,28,95,3.9,0.0,MAP,OFF
29/01/19,10:43:26,M-1,F-1,721510.0955732397,7701609.1268288605,-20.7721545,-42.87221783333333,1.0,A,50000.0,0,24.4,0.093,0.0,1.02445,0.0955,0.75,28,95,3.9,0.0,MAP,OFF
29/01/19,10:43:30,M-1,F-1,721510.0160852219,7701609.68160899,-20.7721495,-42.87221866666667,1.0,A,50000.0,0,24.5,0.093,0.0,1.02725,0.0955,0.75,28,95,3.9,0.0,MAP,OFF
29/01/19,10:43:34,M-1,F-1,721509.9864785612,7701610.0696120225,-20.772146,-42.872219,1.0,A,50000.0,0,24.5,0.093,0.0,1.03005,0.0955,0.75,28,95,3.9,0.0,MAP,OFF
29/01/19,10:43:38,M-1,F-1,721509.9392720882,7701610.4393892065,-20.772142666666667,-42.8722195,1.0,A,50000.0,0,24.5,0.092,0.0,1.03285,0.0955,0.75,28,95,3.9,0.0,MAP,OFF
29/01/19,10:43:42,M-1,F-1,721508.2009934711,7701612.898718048,-20.772120666666666,-42.8722365,1.0,A,40000.0,0,24.6,0.092,0.0,1.03565,0.0955,0.75,28,95,3.2,0.0,MAP,OFF
29/01/19,10:43:46,M-1,F-1,721506.4795846291,7701615.32090885,-20.772099,-42.87225333333333,1.0,A,40000.0,0,24.6,0.092,0.0,1.03845,0.0955,0.75,28,95,3.2,0.0,MAP,OFF
29/01/19,10:43:50,M-1,F-1,721506.5866424956,7701615.54099128,-20.772097,-42.872252333333336,1.0,A,40000.0,0,24.7,0.092,0.0,1.04125,0.0955,0.75,28,95,3.2,0.0,MAP,OFF
29/01/19,10:43:54,M-1,F-1,721506.5697721886,7701615.578129088,-20.772096666666666,-42.8722525,1.0,A,40000.0,0,24.6,0.091,0.0,1.04405,0.0955,0.75,28,95,3.2,0.0,MAP,OFF
29/01/19,10:51:18,M-1,F-1,721505.7182644504,7701612.876058719,-20.77212116666667,-42.87226033333334,1.0,A,40000.0,0,24.6,0.091,0.0,1.04832,0.0955,0.75,28,95,3.2,0.0,MAP,OFF
29/01/19,10:51:22,M-1,F-1,721505.8390314279,7701612.819094157,-20.772121666666667,-42.872259166666666,1.0,A,40000.0,0,24.6,0.091,0.0,1.05112,0.0955,0.75,28,95,3.2,0.0,MAP,OFF
29/01/19,10:51:26,M-1,F-1,721507.5667624585,7701610.8767217845,-20.772139,-42.87224233333333,1.0,A,40000.0,0,24.7,0.091,0.0,1.05392,0.0955,0.75,28,95,3.2,0.0,MAP,OFF
29/01/19,10:51:30,M-1,F-1,721506.5915378501,7701611.960121876,-20.772129333333332,-42.87225183333334,1.0,A,40000.0,0,24.7,0.09,0.0,1.05672,0.0955,0.75,28,95,3.2,0.0,MAP,OFF
29/01/19,10:51:34,M-1,F-1,721506.0125978254,7701612.816807153,-20.772121666666667,-42.8722575,1.0,A,40000.0,0,24.6,0.09,0.0,1.05952,0.0955,0.75,28,95,3.2,0.0,MAP,OFF
29/01/19,10:51:38,M-1,F-1,721505.9133213313,7701613.187270416,-20.772118333333335,-42.8722585,1.0,A,40000.0,0,24.6,0.09,0.0,1.06232,0.0955,0.75,28,95,3.2,0.0,MAP,OFF
29/01/19,10:51:42,M-1,F-1,721505.4373052384,7701613.950310696,-20.7721115,-42.87226316666667,1.0,A,40000.0,0,24.7,0.09,0.0,1.06512,0.0955,0.75,28,95,3.2,0.0,MAP,OFF
