0.0,0
0.0,0
0.0,0
0.0,0
0.0,0
0.0,0
0.0,0
0.0,0
0.0,0
0.0,0
0.0,0
0.0,0
0.0,0
0.0,0
0.0,0
0.0,0
0.0,0
0.0,0
0.0,0
0.0,0
0.0,0
0.0,0
0.0,0
0.0,0
0.0,0
0.0,0
0.0,0
0.0,0
0.0,0
0.0,0
0.0,0
0.0,0
0.0,0
0.0,0
0.0,0
0.0,0
0.0,0
0.0,0
0.0,0
0.0,0
0.0,0
0.0,0
0.0,0
0.0,0
0.0,0
0.0,0
0.0,0
0.0,0
0.0,0
0.0,0
0.0,0
0.0,0
0.0,0
0.0,0
0.0,0
0.0,0
0.0,0
0.0,0
0.0,0
0.0,0
0.0,0
0.0,0
0.0,0
0.0,0
0.0,0
0.0,0
Data/Hora,-999,-999,1.0,0,75000,OFF,0.0,0.09,0.00034999999999999994,0.2333333333333333,0.7,28,5.833333333333333,0,FIX,OFF,
Data/Hora,-999,-999,1.0,0,75000,OFF,0.0,0.13263157894736838,0.0006999999999999998,0.31666666666666665,0.7,28,5.833333333333333,0,FIX,OFF,
Data/Hora,-999,-999,1.0,0,75000,OFF,0.0,0.15749999999999997,0.0010499999999999997,0.39999999999999997,0.7,28,5.833333333333333,0,FIX,OFF,
Data/Hora,-999,-999,1.0,0,75000,OFF,0.0,0.1737931034482758,0.0013999999999999996,0.4833333333333333,0.7,28,5.833333333333333,0,FIX,OFF,
Data/Hora,-999,-999,1.0,0,75000,OFF,0.0,0.18529411764705872,0.0017499999999999994,0.5666666666666668,0.7,28,5.833333333333333,0,FIX,OFF,
Data/Hora,-999,-999,1.0,0,75000,OFF,0.0,0.19384615384615372,0.0021,0.6500000000000004,0.7,28,5.833333333333333,0,FIX,OFF,
Data/Hora,-999,-999,1.0,0,75000,OFF,0.0,0.20045454545454533,0.002450000000000001,0.733333333333334,0.7,28,5.833333333333333,0,FIX,OFF,
Data/Hora,-999,-999,1.0,0,75000,OFF,0.0,0.20571428571428563,0.0028000000000000017,0.8166666666666675,0.7,28,5.833333333333333,0,FIX,OFF,
Data/Hora,-999,-999,1.0,0,75000,OFF,0.0,0.2099999999999999,0.0031500000000000026,0.9000000000000011,0.7,28,5.833333333333333,0,FIX,OFF,
Data/Hora,-999,-999,1.0,0,75000,OFF,0.0,0.21355932203389824,0.0035000000000000035,0.9833333333333347,0.7,28,5.833333333333333,0,FIX,OFF,
Data/Hora,-999,-999,1.0,0,75000,OFF,0.0,0.21656250000000005,0.0038500000000000045,1.0666666666666678,0.7,28,5.833333333333333,0,FIX,OFF,
Data/Hora,-999,-999,1.0,0,75000,OFF,0.0,0.2191304347826087,0.004200000000000003,1.1500000000000008,0.7,28,5.833333333333333,0,FIX,OFF,
Data/Hora,-999,-999,1.0,0,75000,OFF,0.0,0.22135135135135137,0.004550000000000002,1.2333333333333338,0.7,28,5.833333333333333,0,FIX,OFF,
Data/Hora,-999,-999,1.0,0,OFF,OFF,0.0,0.22329113924050634,0.004900000000000001,1.3166666666666669,0.7,28,5.833333333333333,0,OFF,OFF,
Data/Hora,-999,-999,1.0,0,OFF,OFF,0.0,0.225,0.0052499999999999995,1.4,0.7,28,5.833333333333333,0,OFF,OFF,
Data/Hora,-999,-999,1.0,0,OFF,300,0.51,0.22651685393258428,0.005599999999999998,1.483333333333333,0.7,28,5.833333333333333,0.021,OFF,FIX,
Data/Hora,-999,-999,1.0,0,OFF,300,0.51,0.2278723404255319,0.005949999999999997,1.566666666666666,0.7,28,5.833333333333333,0.021,OFF,FIX,
Data/Hora,-999,-999,1.0,0,OFF,OFF,0.0,0.22909090909090907,0.006299999999999996,1.649999999999999,0.7,28,5.833333333333333,0.021,OFF,OFF,
Data/Hora,-999,-999,1.0,0,OFF,OFF,0.0,0.23019230769230767,0.0066499999999999945,1.733333333333332,0.7,28,5.833333333333333,0.021,OFF,OFF,
Data/Hora,-999,-999,1.0,0,OFF,OFF,0.0,0.2311926605504587,0.006999999999999993,1.816666666666665,0.7,28,5.833333333333333,0.021,OFF,OFF,
Data/Hora,-999,-999,1.0,0,OFF,OFF,0.0,0.23210526315789473,0.007349999999999992,1.8999999999999981,0.7,28,5.833333333333333,0.021,OFF,OFF,
Data/Hora,-999,-999,1.0,0,OFF,OFF,0.0,0.2329411764705882,0.007699999999999991,1.9833333333333312,0.7,28,5.833333333333333,0.021,OFF,OFF,
Data/Hora,-999,-999,1.0,0,OFF,OFF,0.0,0.23370967741935492,0.008049999999999993,2.066666666666664,0.7,28,5.833333333333333,0.021,OFF,OFF,
Data/Hora,-999,-999,1.0,0,OFF,OFF,0.0,0.234418604651163,0.008399999999999996,2.1499999999999972,0.7,28,5.833333333333333,0.021,OFF,OFF,
Data/Hora,-999,-999,1.0,0,OFF,OFF,0.0,0.23507462686567193,0.008749999999999999,2.2333333333333303,0.7,28,5.833333333333333,0.021,OFF,OFF,
Data/Hora,-999,-999,1.0,0,OFF,OFF,0.0,0.23568345323741047,0.009100000000000002,2.3166666666666633,0.7,28,5.833333333333333,0.021,OFF,OFF,
Data/Hora,-999,-999,1.0,0,OFF,OFF,0.0,0.2362500000000005,0.009450000000000005,2.3999999999999964,0.7,28,5.833333333333333,0.021,OFF,OFF,
Data/Hora,-999,-999,1.0,0,OFF,OFF,0.0,0.23677852348993347,0.009800000000000008,2.4833333333333294,0.7,28,5.833333333333333,0.021,OFF,OFF,
Data/Hora,-999,-999,1.0,0,-999,OFF,0.0,0.126,0.00034999999999999994,0.16666666666666666,0.7,28,0,0,MAP,OFF,
Data/Hora,-999,-999,1.0,0,-999,OFF,0.0,0.16799999999999995,0.0006999999999999998,0.24999999999999997,0.7,28,0,0,MAP,OFF,
Data/Hora,-999,-999,1.0,0,40000.0,OFF,0.0,0.18899999999999997,0.0010499999999999997,0.3333333333333333,0.7,28,3.111111111111111,0,MAP,OFF,
Data/Hora,-999,-999,1.0,0,40000.0,OFF,0.5,0.20159999999999995,0.0013999999999999996,0.41666666666666663,0.7,28,3.111111111111111,0,MAP,MAP,
Data/Hora,-999,-999,1.0,0,40000.0,OFF,0.52,0.20999999999999994,0.0017499999999999994,0.49999999999999994,0.7,28,3.111111111111111,0,MAP,MAP,
Data/Hora,-999,-999,1.0,0,OFF,OFF,0.0,0.126,0.00034999999999999994,0.16666666666666666,0.7,28,0,0,OFF,OFF,
Data/Hora,-999,-999,1.0,0,OFF,OFF,0.51,0.16799999999999995,0.0006999999999999998,0.24999999999999997,0.7,28,0,0,OFF,MAP,
Data/Hora,-999,-999,1.0,0,OFF,OFF,0.52,0.18899999999999997,0.0010499999999999997,0.3333333333333333,0.7,28,0,0,OFF,MAP,
Data/Hora,-999,-999,1.0,0,-999,OFF,0.0,0.20159999999999995,0.0013999999999999996,0.41666666666666663,0.7,28,0,2.8,MAP,OFF,
Data/Hora,-999,-999,1.0,0,40000.0,OFF,0.0,0.20999999999999994,0.0017499999999999994,0.49999999999999994,0.7,28,3.111111111111111,2.8,MAP,OFF,
Data/Hora,-999,-999,1.0,0,40000.0,OFF,0.0,0.21599999999999994,0.0021,0.5833333333333335,0.7,28,3.111111111111111,2.8,MAP,OFF,
2018-07-23T17:28:59,-999,-999,1.0,0,OFF,OFF,0.0,0.0,0.0,0.26,0.7,28,0,0,OFF,OFF,
2018-07-23T17:29:04,-999,-999,1.0,0,75000,OFF,0.0,0.0,0.0,0.36,0.7,28,5.833333333333333,0,FIX,OFF,
2018-07-23T17:29:09,-999,-999,1.0,0,75000,300,0.5,0.0,0.0,0.46,0.7,28,5.833333333333333,0.021,FIX,FIX,
2018-07-23T17:29:14,-999,-999,1.0,0,75000,300,0.51,0.0,0.0,0.56,0.7,28,5.833333333333333,0.021,FIX,FIX,
2018-07-23T17:29:19,-999,-999,1.0,0,75000,300,0.52,0.0,0.0,0.66,0.7,28,5.833333333333333,0.021,FIX,FIX,
2018-07-23T17:29:24,-999,-999,1.0,0,75000,300,0.52,0.0,0.0,0.76,0.7,28,5.833333333333333,0.021,FIX,FIX,
2018-07-23T17:30:22,-999,-999,1.0,0,OFF,OFF,0.0,0.2246,0.0005,0.1336,0.7,28,0,0,OFF,OFF,
2018-08-06T23:51:54,0,0,1.0,1.0,OFF,300,<function ReadWeight at 0xb01576a8>,0.0408,0.0005,0.7348,0.7,28,5.833333333333333,0.021,OFF,FIX
2018-08-06T23:51:59,0,0,1.0,1.0,OFF,300,<function ReadWeight at 0xb01576a8>,0.0733,0.001,0.8183,0.7,28,5.833333333333333,0.021,OFF,FIX
2018-08-06T23:52:04,0,0,1.0,1.0,OFF,300,<function ReadWeight at 0xb01576a8>,0.0998,0.0015,0.9018,0.7,28,5.833333333333333,0.021,OFF,FIX
2018-08-06T23:52:09,0,0,1.0,1.0,OFF,300,<function ReadWeight at 0xb01576a8>,0.1218,0.002,0.9853,0.7,28,5.833333333333333,0.021,OFF,FIX
2018-08-06T23:52:14,0,0,1.0,1.0,OFF,300,<function ReadWeight at 0xb01576a8>,0.1403,0.0025,1.0688,0.7,28,5.833333333333333,0.021,OFF,FIX
2018-08-06T23:52:19,0,0,1.0,1.0,OFF,300,<function ReadWeight at 0xb01576a8>,0.1562,0.003,1.1523,0.7,28,5.833333333333333,0.021,OFF,FIX
2018-08-06T23:52:24,0,0,1.0,1.0,OFF,300,<function ReadWeight at 0xb01576a8>,0.1699,0.0035,1.2358,0.7,28,5.833333333333333,0.021,OFF,FIX
